attrattore: 1 1 0 1 0 1 1 1 0 0 1 0 0 1 1 0 0 0 1 0 0 0 1 0 0 1 1 1 1 0 1 1 1 1 0 1 0 0 0 1 1 0 0 0 1 1 0 0 0 0 0 0 0 0 0 1 0 1 0 1 0 1 0 1 1 0 1 0 1 0 1 0 0 1 1 1 0 1 0 0 0 1 1 0 1 1 0 1 1 0 0 1 1 1 1 1 0 1 0 0 
tempi di decadimento: 1 1 0 1 0 1 1 1 0 0 1 0 0 1 1 0 0 0 1 0 0 0 1 0 0 1 1 1 1 0 1 1 1 1 0 1 0 0 0 1 1 0 0 0 1 1 0 0 0 0 0 0 0 0 0 1 0 1 0 1 0 1 0 1 1 0 1 0 1 0 1 0 0 1 1 1 0 1 0 0 0 1 1 0 1 1 0 1 1 0 0 1 1 1 1 1 0 1 0 0 
lunghezza:8
ciclo:
0 0 0 0 0 0 0 0 0 0 0 0 0 0 0 0 0 0 0 0 0 0 0 0 0 0 0 0 0 0 0 0 0 0 0 0 0 0 0 0 0 0 0 0 0 0 0 0 0 0 0 0 0 0 0 0 0 0 0 0 0 0 0 0 0 0 0 0 0 0 0 0 0 0 0 0 0 0 0 0 0 0 0 0 0 0 0 0 0 0 0 0 0 0 0 0 0 0 0 0 	1 1 0 1 0 1 1 1 0 0 1 0 0 1 1 0 0 0 1 0 0 0 1 0 0 1 1 1 1 0 1 1 1 1 0 1 0 0 0 1 1 0 0 0 1 1 0 0 0 0 0 0 0 0 0 1 0 1 0 1 0 1 0 1 1 0 1 0 1 0 1 0 0 1 1 1 0 1 0 0 0 1 1 0 1 1 0 1 1 0 0 1 1 1 1 1 0 1 0 0 
1 1 0 1 0 1 1 0 0 0 1 1 0 0 0 0 0 0 1 0 0 0 1 0 0 0 1 1 1 0 1 1 1 0 0 1 0 1 0 1 1 0 1 0 1 1 0 0 0 0 0 0 0 0 0 1 0 1 0 1 0 0 0 1 1 0 1 1 0 0 0 0 0 1 1 1 1 1 0 0 0 0 1 0 1 1 0 1 0 0 0 1 1 0 1 1 0 0 0 0 	1 1 0 1 0 1 1 0 0 0 1 1 0 0 0 0 0 0 1 0 0 0 1 0 0 0 1 1 1 0 1 1 1 0 0 1 0 1 0 1 1 0 1 0 1 1 0 0 0 0 0 0 0 0 0 1 0 1 0 1 0 0 0 1 1 0 1 1 0 0 0 0 0 1 1 1 1 1 0 0 0 0 1 0 1 1 0 1 0 0 0 1 1 0 1 1 0 0 0 0 
1 1 0 1 0 1 1 0 0 0 1 1 0 0 1 0 0 0 1 0 0 0 1 0 0 1 1 1 0 0 1 1 1 1 0 1 0 1 0 1 1 0 0 0 1 1 0 0 0 0 0 0 0 0 0 1 0 1 0 1 0 1 0 1 1 0 1 1 1 0 1 0 0 1 1 1 0 1 0 0 0 0 1 0 1 1 0 1 1 0 0 1 1 1 1 1 0 1 0 0 	1 1 0 1 0 1 1 0 0 0 1 1 0 0 1 0 0 0 1 0 0 0 1 0 0 1 1 1 0 0 1 1 1 1 0 1 0 1 0 1 1 0 0 0 1 1 0 0 0 0 0 0 0 0 0 1 0 1 0 1 0 1 0 1 1 0 1 1 1 0 1 0 0 1 1 1 0 1 0 0 0 0 1 0 1 1 0 1 1 0 0 1 1 1 1 1 0 1 0 0 
1 1 0 1 0 1 1 1 0 0 1 0 0 1 1 0 0 0 1 0 0 0 1 0 0 0 1 1 1 0 1 1 1 1 0 1 0 1 0 1 1 0 1 0 1 1 0 0 0 0 0 0 0 0 0 0 0 1 0 1 0 1 0 1 1 0 1 1 1 0 0 0 0 1 1 1 0 1 0 0 0 1 1 0 1 1 0 1 1 0 0 1 1 0 1 1 0 1 0 0 	1 1 0 1 0 1 1 1 0 0 1 0 0 1 1 0 0 0 1 0 0 0 1 0 0 0 1 1 1 0 1 1 1 1 0 1 0 1 0 1 1 0 1 0 1 1 0 0 0 0 0 0 0 0 0 0 0 1 0 1 0 1 0 1 1 0 1 1 1 0 0 0 0 1 1 1 0 1 0 0 0 1 1 0 1 1 0 1 1 0 0 1 1 0 1 1 0 1 0 0 
1 1 0 1 0 1 1 0 0 0 1 1 0 0 0 0 0 0 1 0 0 0 1 0 0 1 1 1 0 0 1 1 1 0 0 1 0 0 0 1 1 0 1 0 1 1 0 0 0 0 0 0 0 0 0 1 0 1 0 1 0 0 0 1 1 0 1 0 1 0 1 0 0 1 1 1 1 1 0 0 0 0 1 0 1 1 0 1 0 0 0 1 1 0 1 1 0 0 0 0 	1 1 0 1 0 1 1 0 0 0 1 1 0 0 0 0 0 0 1 0 0 0 1 0 0 1 1 1 0 0 1 1 1 0 0 1 0 0 0 1 1 0 1 0 1 1 0 0 0 0 0 0 0 0 0 1 0 1 0 1 0 0 0 1 1 0 1 0 1 0 1 0 0 1 1 1 1 1 0 0 0 0 1 0 1 1 0 1 0 0 0 1 1 0 1 1 0 0 0 0 
1 1 0 1 0 1 1 1 0 0 1 0 0 1 1 0 0 0 1 0 0 0 1 0 0 1 1 1 0 0 1 1 1 1 0 1 0 1 0 1 1 0 0 0 1 1 0 0 0 0 0 0 0 0 0 1 0 1 0 1 0 1 0 1 1 0 1 1 0 0 1 0 0 1 1 1 0 1 0 0 0 1 1 0 1 1 0 1 1 0 0 1 1 1 1 1 0 1 0 0 	1 1 0 1 0 1 1 1 0 0 1 0 0 1 1 0 0 0 1 0 0 0 1 0 0 1 1 1 0 0 1 1 1 1 0 1 0 1 0 1 1 0 0 0 1 1 0 0 0 0 0 0 0 0 0 1 0 1 0 1 0 1 0 1 1 0 1 1 0 0 1 0 0 1 1 1 0 1 0 0 0 1 1 0 1 1 0 1 1 0 0 1 1 1 1 1 0 1 0 0 
1 1 0 1 0 1 1 1 0 0 1 0 0 1 0 0 0 0 1 0 0 0 1 0 0 0 1 1 1 0 1 1 1 0 0 1 0 1 0 1 1 0 1 0 1 1 0 0 0 0 0 0 0 0 0 1 0 1 0 1 0 0 0 1 1 0 1 1 1 0 0 0 0 1 1 1 1 1 0 0 0 1 1 0 1 1 0 1 0 0 0 1 1 0 1 1 0 0 0 0 	1 1 0 1 0 1 1 1 0 0 1 0 0 1 0 0 0 0 1 0 0 0 1 0 0 0 1 1 1 0 1 1 1 0 0 1 0 1 0 1 1 0 1 0 1 1 0 0 0 0 0 0 0 0 0 1 0 1 0 1 0 0 0 1 1 0 1 1 1 0 0 0 0 1 1 1 1 1 0 0 0 1 1 0 1 1 0 1 0 0 0 1 1 0 1 1 0 0 0 0 
1 1 0 1 0 1 1 0 0 0 1 1 0 0 0 0 0 0 1 0 0 0 1 0 0 1 1 1 0 0 1 1 1 0 0 1 0 1 0 1 1 0 0 0 1 1 0 0 0 0 0 0 0 0 0 0 0 1 0 1 0 0 0 1 1 0 1 1 1 0 1 0 0 1 1 1 1 1 0 0 0 0 1 0 1 1 0 1 0 0 0 1 1 1 1 1 0 1 0 0 	1 1 0 1 0 1 1 0 0 0 1 1 0 0 0 0 0 0 1 0 0 0 1 0 0 1 1 1 0 0 1 1 1 0 0 1 0 1 0 1 1 0 0 0 1 1 0 0 0 0 0 0 0 0 0 0 0 1 0 1 0 0 0 1 1 0 1 1 1 0 1 0 0 1 1 1 1 1 0 0 0 0 1 0 1 1 0 1 0 0 0 1 1 1 1 1 0 1 0 0 
1 1 0 1 0 1 1 1 0 0 1 0 0 1 1 0 0 0 1 0 0 0 1 0 0 1 1 1 1 0 1 1 1 1 0 1 0 0 0 1 1 0 0 0 1 1 0 0 0 0 0 0 0 0 0 1 0 1 0 1 0 1 0 1 1 0 1 0 1 0 1 0 0 1 1 1 0 1 0 0 0 1 1 0 1 1 0 1 1 0 0 1 1 1 1 1 0 1 0 0 	1 1 0 1 0 1 1 1 0 0 1 0 0 1 1 0 0 0 1 0 0 0 1 0 0 1 1 1 1 0 1 1 1 1 0 1 0 0 0 1 1 0 0 0 1 1 0 0 0 0 0 0 0 0 0 1 0 1 0 1 0 1 0 1 1 0 1 0 1 0 1 0 0 1 1 1 0 1 0 0 0 1 1 0 1 1 0 1 1 0 0 1 1 1 1 1 0 1 0 0 

attrattore: 1 1 0 1 0 1 1 1 0 0 1 0 0 1 1 0 0 0 1 0 0 0 1 0 0 0 1 1 0 0 1 1 1 1 0 1 0 0 0 1 1 0 1 0 1 1 0 0 0 0 0 0 0 0 0 0 0 1 0 1 0 1 0 1 1 0 1 0 0 0 1 0 0 1 1 1 0 1 0 0 0 1 1 0 1 1 0 1 1 0 0 1 1 0 1 1 0 1 0 0 
tempi di decadimento: 1 1 0 1 0 1 1 1 0 0 1 0 0 1 1 0 0 0 1 0 0 0 1 0 0 0 1 1 0 0 1 1 1 1 0 1 0 0 0 1 1 0 1 0 1 1 0 0 0 0 0 0 0 0 0 0 0 1 0 1 0 1 0 1 1 0 1 0 0 0 1 0 0 1 1 1 0 1 0 0 0 1 1 0 1 1 0 1 1 0 0 1 1 0 1 1 0 1 0 0 
lunghezza:8
ciclo:
0 0 0 0 0 0 0 0 0 0 0 0 0 0 0 0 0 0 0 0 0 0 0 0 0 0 0 0 0 0 0 0 0 0 0 0 0 0 0 0 0 0 0 0 0 0 0 0 0 0 0 0 0 0 0 0 0 0 0 0 0 0 0 0 0 0 0 0 0 0 0 0 0 0 0 0 0 0 0 0 0 0 0 0 0 0 0 0 0 0 0 0 0 0 0 0 0 0 0 0 	1 1 0 1 0 1 1 1 0 0 1 0 0 1 1 0 0 0 1 0 0 0 1 0 0 0 1 1 0 0 1 1 1 1 0 1 0 0 0 1 1 0 1 0 1 1 0 0 0 0 0 0 0 0 0 0 0 1 0 1 0 1 0 1 1 0 1 0 0 0 1 0 0 1 1 1 0 1 0 0 0 1 1 0 1 1 0 1 1 0 0 1 1 0 1 1 0 1 0 0 
1 1 0 1 0 1 1 1 0 0 1 0 0 1 0 0 0 0 1 0 0 0 1 0 0 0 1 1 0 0 1 1 1 0 0 1 0 0 0 1 1 0 1 0 1 1 0 0 0 0 0 0 0 0 0 1 0 1 0 1 0 0 0 1 1 0 1 0 0 0 1 0 0 1 1 1 1 1 0 0 0 1 1 0 1 1 0 1 0 0 0 1 1 0 1 1 0 0 0 0 	1 1 0 1 0 1 1 1 0 0 1 0 0 1 0 0 0 0 1 0 0 0 1 0 0 0 1 1 0 0 1 1 1 0 0 1 0 0 0 1 1 0 1 0 1 1 0 0 0 0 0 0 0 0 0 1 0 1 0 1 0 0 0 1 1 0 1 0 0 0 1 0 0 1 1 1 1 1 0 0 0 1 1 0 1 1 0 1 0 0 0 1 1 0 1 1 0 0 0 0 
1 1 0 1 0 1 1 1 0 0 1 0 0 1 0 0 0 0 1 0 0 0 1 0 0 1 1 1 0 0 1 1 1 0 0 1 0 1 0 1 1 0 0 0 1 1 0 0 0 0 0 0 0 0 0 0 0 1 0 1 0 0 0 1 1 0 1 1 0 0 1 0 0 1 1 1 1 1 0 0 0 1 1 0 1 1 0 1 0 0 0 1 1 1 1 1 0 1 0 0 	1 1 0 1 0 1 1 1 0 0 1 0 0 1 0 0 0 0 1 0 0 0 1 0 0 1 1 1 0 0 1 1 1 0 0 1 0 1 0 1 1 0 0 0 1 1 0 0 0 0 0 0 0 0 0 0 0 1 0 1 0 0 0 1 1 0 1 1 0 0 1 0 0 1 1 1 1 1 0 0 0 1 1 0 1 1 0 1 0 0 0 1 1 1 1 1 0 1 0 0 
1 1 0 1 0 1 1 1 0 0 1 0 0 1 0 0 0 0 1 0 0 0 1 0 0 1 1 1 1 0 1 1 1 0 0 1 0 0 0 1 1 0 0 0 1 1 0 0 0 0 0 0 0 0 0 0 0 1 0 1 0 0 0 1 1 0 1 0 1 0 1 0 0 1 1 1 1 1 0 0 0 1 1 0 1 1 0 1 0 0 0 1 1 1 1 1 0 1 0 0 	1 1 0 1 0 1 1 1 0 0 1 0 0 1 0 0 0 0 1 0 0 0 1 0 0 1 1 1 1 0 1 1 1 0 0 1 0 0 0 1 1 0 0 0 1 1 0 0 0 0 0 0 0 0 0 0 0 1 0 1 0 0 0 1 1 0 1 0 1 0 1 0 0 1 1 1 1 1 0 0 0 1 1 0 1 1 0 1 0 0 0 1 1 1 1 1 0 1 0 0 
1 1 0 1 0 1 1 0 0 0 1 1 0 0 0 0 0 0 1 0 0 0 1 0 0 1 1 1 1 0 1 1 1 0 0 1 0 0 0 1 1 0 0 0 1 1 0 0 0 0 0 0 0 0 0 0 0 1 0 1 0 0 0 1 1 0 1 0 0 0 1 0 0 1 1 1 1 1 0 0 0 0 1 0 1 1 0 1 0 0 0 1 1 1 1 1 0 1 0 0 	1 1 0 1 0 1 1 0 0 0 1 1 0 0 0 0 0 0 1 0 0 0 1 0 0 1 1 1 1 0 1 1 1 0 0 1 0 0 0 1 1 0 0 0 1 1 0 0 0 0 0 0 0 0 0 0 0 1 0 1 0 0 0 1 1 0 1 0 0 0 1 0 0 1 1 1 1 1 0 0 0 0 1 0 1 1 0 1 0 0 0 1 1 1 1 1 0 1 0 0 
1 1 0 1 0 1 1 0 0 0 1 1 0 0 1 0 0 0 1 0 0 0 1 0 0 1 1 1 1 0 1 1 1 1 0 1 0 0 0 1 1 0 0 0 1 1 0 0 0 0 0 0 0 0 0 1 0 1 0 1 0 1 0 1 1 0 1 0 0 0 1 0 0 1 1 1 0 1 0 0 0 0 1 0 1 1 0 1 1 0 0 1 1 1 1 1 0 1 0 0 	1 1 0 1 0 1 1 0 0 0 1 1 0 0 1 0 0 0 1 0 0 0 1 0 0 1 1 1 1 0 1 1 1 1 0 1 0 0 0 1 1 0 0 0 1 1 0 0 0 0 0 0 0 0 0 1 0 1 0 1 0 1 0 1 1 0 1 0 0 0 1 0 0 1 1 1 0 1 0 0 0 0 1 0 1 1 0 1 1 0 0 1 1 1 1 1 0 1 0 0 
1 1 0 1 0 1 1 0 0 0 1 1 0 0 1 0 0 0 1 0 0 0 1 0 0 0 1 1 1 0 1 1 1 1 0 1 0 1 0 1 1 0 1 0 1 1 0 0 0 0 0 0 0 0 0 0 0 1 0 1 0 1 0 1 1 0 1 1 0 0 0 0 0 1 1 1 0 1 0 0 0 0 1 0 1 1 0 1 1 0 0 1 1 0 1 1 0 1 0 0 	1 1 0 1 0 1 1 0 0 0 1 1 0 0 1 0 0 0 1 0 0 0 1 0 0 0 1 1 1 0 1 1 1 1 0 1 0 1 0 1 1 0 1 0 1 1 0 0 0 0 0 0 0 0 0 0 0 1 0 1 0 1 0 1 1 0 1 1 0 0 0 0 0 1 1 1 0 1 0 0 0 0 1 0 1 1 0 1 1 0 0 1 1 0 1 1 0 1 0 0 
1 1 0 1 0 1 1 0 0 0 1 1 0 0 1 0 0 0 1 0 0 0 1 0 0 1 1 1 0 0 1 1 1 1 0 1 0 0 0 1 1 0 1 0 1 1 0 0 0 0 0 0 0 0 0 0 0 1 0 1 0 1 0 1 1 0 1 0 1 0 1 0 0 1 1 1 0 1 0 0 0 0 1 0 1 1 0 1 1 0 0 1 1 0 1 1 0 1 0 0 	1 1 0 1 0 1 1 0 0 0 1 1 0 0 1 0 0 0 1 0 0 0 1 0 0 1 1 1 0 0 1 1 1 1 0 1 0 0 0 1 1 0 1 0 1 1 0 0 0 0 0 0 0 0 0 0 0 1 0 1 0 1 0 1 1 0 1 0 1 0 1 0 0 1 1 1 0 1 0 0 0 0 1 0 1 1 0 1 1 0 0 1 1 0 1 1 0 1 0 0 
1 1 0 1 0 1 1 1 0 0 1 0 0 1 1 0 0 0 1 0 0 0 1 0 0 0 1 1 0 0 1 1 1 1 0 1 0 0 0 1 1 0 1 0 1 1 0 0 0 0 0 0 0 0 0 0 0 1 0 1 0 1 0 1 1 0 1 0 0 0 1 0 0 1 1 1 0 1 0 0 0 1 1 0 1 1 0 1 1 0 0 1 1 0 1 1 0 1 0 0 	1 1 0 1 0 1 1 1 0 0 1 0 0 1 1 0 0 0 1 0 0 0 1 0 0 0 1 1 0 0 1 1 1 1 0 1 0 0 0 1 1 0 1 0 1 1 0 0 0 0 0 0 0 0 0 0 0 1 0 1 0 1 0 1 1 0 1 0 0 0 1 0 0 1 1 1 0 1 0 0 0 1 1 0 1 1 0 1 1 0 0 1 1 0 1 1 0 1 0 0 

