il numero dei nodi e':100
le condizioni iniziali sono:16
1 1 0 1 0 1 1 1 0 0 1 0 0 1 1 0 0 0 1 0 0 0 1 0 0 1 1 1 1 0 1 1 1 1 0 1 0 0 0 1 1 0 0 0 1 1 0 0 0 0 0 0 0 0 0 1 0 1 0 1 0 1 0 1 1 0 1 0 1 0 1 0 0 1 1 1 0 1 0 0 0 1 1 0 1 1 0 1 1 0 0 1 1 1 1 1 0 1 0 0 	1 1 0 1 0 1 1 1 0 0 1 0 0 1 1 0 0 0 1 0 0 0 1 0 0 1 1 1 1 0 1 1 1 1 0 1 0 0 0 1 1 0 0 0 1 1 0 0 0 0 0 0 0 0 0 1 0 1 0 1 0 1 0 1 1 0 1 0 1 0 1 0 0 1 1 1 0 1 0 0 0 1 1 0 1 1 0 1 1 0 0 1 1 1 1 1 0 1 0 0 	8	11
1 1 0 1 0 1 1 1 0 0 1 0 0 1 1 0 0 0 1 0 0 0 1 0 0 1 1 1 1 0 1 1 1 1 0 1 0 0 0 1 1 0 0 0 1 1 0 0 0 0 0 0 0 0 0 1 0 1 0 1 0 1 0 1 1 0 1 0 1 0 1 0 0 1 1 1 0 1 0 0 0 1 1 0 1 1 0 1 1 0 0 1 1 1 1 1 0 1 0 0 	1 1 0 1 0 1 1 1 0 0 1 0 0 1 1 0 0 0 1 0 0 0 1 0 0 1 1 1 1 0 1 1 1 1 0 1 0 0 0 1 1 0 0 0 1 1 0 0 0 0 0 0 0 0 0 1 0 1 0 1 0 1 0 1 1 0 1 0 1 0 1 0 0 1 1 1 0 1 0 0 0 1 1 0 1 1 0 1 1 0 0 1 1 1 1 1 0 1 0 0 	8	10
1 1 0 1 0 1 1 1 0 0 1 0 0 1 1 0 0 0 1 0 0 0 1 0 0 1 1 1 1 0 1 1 1 1 0 1 0 0 0 1 1 0 0 0 1 1 0 0 0 0 0 0 0 0 0 1 0 1 0 1 0 1 0 1 1 0 1 0 1 0 1 0 0 1 1 1 0 1 0 0 0 1 1 0 1 1 0 1 1 0 0 1 1 1 1 1 0 1 0 0 	1 1 0 1 0 1 1 1 0 0 1 0 0 1 1 0 0 0 1 0 0 0 1 0 0 1 1 1 1 0 1 1 1 1 0 1 0 0 0 1 1 0 0 0 1 1 0 0 0 0 0 0 0 0 0 1 0 1 0 1 0 1 0 1 1 0 1 0 1 0 1 0 0 1 1 1 0 1 0 0 0 1 1 0 1 1 0 1 1 0 0 1 1 1 1 1 0 1 0 0 	8	17
1 1 0 1 0 1 1 1 0 0 1 0 0 1 1 0 0 0 1 0 0 0 1 0 0 1 1 1 1 0 1 1 1 1 0 1 0 0 0 1 1 0 0 0 1 1 0 0 0 0 0 0 0 0 0 1 0 1 0 1 0 1 0 1 1 0 1 0 1 0 1 0 0 1 1 1 0 1 0 0 0 1 1 0 1 1 0 1 1 0 0 1 1 1 1 1 0 1 0 0 	1 1 0 1 0 1 1 1 0 0 1 0 0 1 1 0 0 0 1 0 0 0 1 0 0 1 1 1 1 0 1 1 1 1 0 1 0 0 0 1 1 0 0 0 1 1 0 0 0 0 0 0 0 0 0 1 0 1 0 1 0 1 0 1 1 0 1 0 1 0 1 0 0 1 1 1 0 1 0 0 0 1 1 0 1 1 0 1 1 0 0 1 1 1 1 1 0 1 0 0 	8	15
1 1 0 1 0 1 1 1 0 0 1 0 0 1 1 0 0 0 1 0 0 0 1 0 0 1 1 1 1 0 1 1 1 1 0 1 0 0 0 1 1 0 0 0 1 1 0 0 0 0 0 0 0 0 0 1 0 1 0 1 0 1 0 1 1 0 1 0 1 0 1 0 0 1 1 1 0 1 0 0 0 1 1 0 1 1 0 1 1 0 0 1 1 1 1 1 0 1 0 0 	1 1 0 1 0 1 1 1 0 0 1 0 0 1 1 0 0 0 1 0 0 0 1 0 0 1 1 1 1 0 1 1 1 1 0 1 0 0 0 1 1 0 0 0 1 1 0 0 0 0 0 0 0 0 0 1 0 1 0 1 0 1 0 1 1 0 1 0 1 0 1 0 0 1 1 1 0 1 0 0 0 1 1 0 1 1 0 1 1 0 0 1 1 1 1 1 0 1 0 0 	8	11
1 1 0 1 0 1 1 1 0 0 1 0 0 1 1 0 0 0 1 0 0 0 1 0 0 1 1 1 1 0 1 1 1 1 0 1 0 0 0 1 1 0 0 0 1 1 0 0 0 0 0 0 0 0 0 1 0 1 0 1 0 1 0 1 1 0 1 0 1 0 1 0 0 1 1 1 0 1 0 0 0 1 1 0 1 1 0 1 1 0 0 1 1 1 1 1 0 1 0 0 	1 1 0 1 0 1 1 1 0 0 1 0 0 1 1 0 0 0 1 0 0 0 1 0 0 1 1 1 1 0 1 1 1 1 0 1 0 0 0 1 1 0 0 0 1 1 0 0 0 0 0 0 0 0 0 1 0 1 0 1 0 1 0 1 1 0 1 0 1 0 1 0 0 1 1 1 0 1 0 0 0 1 1 0 1 1 0 1 1 0 0 1 1 1 1 1 0 1 0 0 	8	18
1 1 0 1 0 1 1 1 0 0 1 0 0 1 1 0 0 0 1 0 0 0 1 0 0 1 1 1 1 0 1 1 1 1 0 1 0 0 0 1 1 0 0 0 1 1 0 0 0 0 0 0 0 0 0 1 0 1 0 1 0 1 0 1 1 0 1 0 1 0 1 0 0 1 1 1 0 1 0 0 0 1 1 0 1 1 0 1 1 0 0 1 1 1 1 1 0 1 0 0 	1 1 0 1 0 1 1 1 0 0 1 0 0 1 1 0 0 0 1 0 0 0 1 0 0 1 1 1 1 0 1 1 1 1 0 1 0 0 0 1 1 0 0 0 1 1 0 0 0 0 0 0 0 0 0 1 0 1 0 1 0 1 0 1 1 0 1 0 1 0 1 0 0 1 1 1 0 1 0 0 0 1 1 0 1 1 0 1 1 0 0 1 1 1 1 1 0 1 0 0 	8	10
1 1 0 1 0 1 1 1 0 0 1 0 0 1 1 0 0 0 1 0 0 0 1 0 0 1 1 1 1 0 1 1 1 1 0 1 0 0 0 1 1 0 0 0 1 1 0 0 0 0 0 0 0 0 0 1 0 1 0 1 0 1 0 1 1 0 1 0 1 0 1 0 0 1 1 1 0 1 0 0 0 1 1 0 1 1 0 1 1 0 0 1 1 1 1 1 0 1 0 0 	1 1 0 1 0 1 1 1 0 0 1 0 0 1 1 0 0 0 1 0 0 0 1 0 0 1 1 1 1 0 1 1 1 1 0 1 0 0 0 1 1 0 0 0 1 1 0 0 0 0 0 0 0 0 0 1 0 1 0 1 0 1 0 1 1 0 1 0 1 0 1 0 0 1 1 1 0 1 0 0 0 1 1 0 1 1 0 1 1 0 0 1 1 1 1 1 0 1 0 0 	8	9
1 1 0 1 0 1 1 1 0 0 1 0 0 1 1 0 0 0 1 0 0 0 1 0 0 1 1 1 1 0 1 1 1 1 0 1 0 0 0 1 1 0 0 0 1 1 0 0 0 0 0 0 0 0 0 1 0 1 0 1 0 1 0 1 1 0 1 0 1 0 1 0 0 1 1 1 0 1 0 0 0 1 1 0 1 1 0 1 1 0 0 1 1 1 1 1 0 1 0 0 	1 1 0 1 0 1 1 1 0 0 1 0 0 1 1 0 0 0 1 0 0 0 1 0 0 1 1 1 1 0 1 1 1 1 0 1 0 0 0 1 1 0 0 0 1 1 0 0 0 0 0 0 0 0 0 1 0 1 0 1 0 1 0 1 1 0 1 0 1 0 1 0 0 1 1 1 0 1 0 0 0 1 1 0 1 1 0 1 1 0 0 1 1 1 1 1 0 1 0 0 	8	10
1 1 0 1 0 1 1 1 0 0 1 0 0 1 1 0 0 0 1 0 0 0 1 0 0 0 1 1 0 0 1 1 1 1 0 1 0 0 0 1 1 0 1 0 1 1 0 0 0 0 0 0 0 0 0 0 0 1 0 1 0 1 0 1 1 0 1 0 0 0 1 0 0 1 1 1 0 1 0 0 0 1 1 0 1 1 0 1 1 0 0 1 1 0 1 1 0 1 0 0 	1 1 0 1 0 1 1 1 0 0 1 0 0 1 1 0 0 0 1 0 0 0 1 0 0 0 1 1 0 0 1 1 1 1 0 1 0 0 0 1 1 0 1 0 1 1 0 0 0 0 0 0 0 0 0 0 0 1 0 1 0 1 0 1 1 0 1 0 0 0 1 0 0 1 1 1 0 1 0 0 0 1 1 0 1 1 0 1 1 0 0 1 1 0 1 1 0 1 0 0 	8	14
1 1 0 1 0 1 1 1 0 0 1 0 0 1 1 0 0 0 1 0 0 0 1 0 0 0 1 1 0 0 1 1 1 1 0 1 0 0 0 1 1 0 1 0 1 1 0 0 0 0 0 0 0 0 0 0 0 1 0 1 0 1 0 1 1 0 1 0 0 0 1 0 0 1 1 1 0 1 0 0 0 1 1 0 1 1 0 1 1 0 0 1 1 0 1 1 0 1 0 0 	1 1 0 1 0 1 1 1 0 0 1 0 0 1 1 0 0 0 1 0 0 0 1 0 0 0 1 1 0 0 1 1 1 1 0 1 0 0 0 1 1 0 1 0 1 1 0 0 0 0 0 0 0 0 0 0 0 1 0 1 0 1 0 1 1 0 1 0 0 0 1 0 0 1 1 1 0 1 0 0 0 1 1 0 1 1 0 1 1 0 0 1 1 0 1 1 0 1 0 0 	8	13
1 1 0 1 0 1 1 1 0 0 1 0 0 1 1 0 0 0 1 0 0 0 1 0 0 0 1 1 0 0 1 1 1 1 0 1 0 0 0 1 1 0 1 0 1 1 0 0 0 0 0 0 0 0 0 0 0 1 0 1 0 1 0 1 1 0 1 0 0 0 1 0 0 1 1 1 0 1 0 0 0 1 1 0 1 1 0 1 1 0 0 1 1 0 1 1 0 1 0 0 	1 1 0 1 0 1 1 1 0 0 1 0 0 1 1 0 0 0 1 0 0 0 1 0 0 0 1 1 0 0 1 1 1 1 0 1 0 0 0 1 1 0 1 0 1 1 0 0 0 0 0 0 0 0 0 0 0 1 0 1 0 1 0 1 1 0 1 0 0 0 1 0 0 1 1 1 0 1 0 0 0 1 1 0 1 1 0 1 1 0 0 1 1 0 1 1 0 1 0 0 	8	14
1 1 0 1 0 1 1 1 0 0 1 0 0 1 1 0 0 0 1 0 0 0 1 0 0 0 1 1 0 0 1 1 1 1 0 1 0 0 0 1 1 0 1 0 1 1 0 0 0 0 0 0 0 0 0 0 0 1 0 1 0 1 0 1 1 0 1 0 0 0 1 0 0 1 1 1 0 1 0 0 0 1 1 0 1 1 0 1 1 0 0 1 1 0 1 1 0 1 0 0 	1 1 0 1 0 1 1 1 0 0 1 0 0 1 1 0 0 0 1 0 0 0 1 0 0 0 1 1 0 0 1 1 1 1 0 1 0 0 0 1 1 0 1 0 1 1 0 0 0 0 0 0 0 0 0 0 0 1 0 1 0 1 0 1 1 0 1 0 0 0 1 0 0 1 1 1 0 1 0 0 0 1 1 0 1 1 0 1 1 0 0 1 1 0 1 1 0 1 0 0 	8	10
1 1 0 1 0 1 1 1 0 0 1 0 0 1 1 0 0 0 1 0 0 0 1 0 0 0 1 1 0 0 1 1 1 1 0 1 0 0 0 1 1 0 1 0 1 1 0 0 0 0 0 0 0 0 0 0 0 1 0 1 0 1 0 1 1 0 1 0 0 0 1 0 0 1 1 1 0 1 0 0 0 1 1 0 1 1 0 1 1 0 0 1 1 0 1 1 0 1 0 0 	1 1 0 1 0 1 1 1 0 0 1 0 0 1 1 0 0 0 1 0 0 0 1 0 0 0 1 1 0 0 1 1 1 1 0 1 0 0 0 1 1 0 1 0 1 1 0 0 0 0 0 0 0 0 0 0 0 1 0 1 0 1 0 1 1 0 1 0 0 0 1 0 0 1 1 1 0 1 0 0 0 1 1 0 1 1 0 1 1 0 0 1 1 0 1 1 0 1 0 0 	8	13
1 1 0 1 0 1 1 1 0 0 1 0 0 1 1 0 0 0 1 0 0 0 1 0 0 0 1 1 0 0 1 1 1 1 0 1 0 0 0 1 1 0 1 0 1 1 0 0 0 0 0 0 0 0 0 0 0 1 0 1 0 1 0 1 1 0 1 0 0 0 1 0 0 1 1 1 0 1 0 0 0 1 1 0 1 1 0 1 1 0 0 1 1 0 1 1 0 1 0 0 	1 1 0 1 0 1 1 1 0 0 1 0 0 1 1 0 0 0 1 0 0 0 1 0 0 0 1 1 0 0 1 1 1 1 0 1 0 0 0 1 1 0 1 0 1 1 0 0 0 0 0 0 0 0 0 0 0 1 0 1 0 1 0 1 1 0 1 0 0 0 1 0 0 1 1 1 0 1 0 0 0 1 1 0 1 1 0 1 1 0 0 1 1 0 1 1 0 1 0 0 	8	11
1 1 0 1 0 1 1 1 0 0 1 0 0 1 1 0 0 0 1 0 0 0 1 0 0 0 1 1 0 0 1 1 1 1 0 1 0 0 0 1 1 0 1 0 1 1 0 0 0 0 0 0 0 0 0 0 0 1 0 1 0 1 0 1 1 0 1 0 0 0 1 0 0 1 1 1 0 1 0 0 0 1 1 0 1 1 0 1 1 0 0 1 1 0 1 1 0 1 0 0 	1 1 0 1 0 1 1 1 0 0 1 0 0 1 1 0 0 0 1 0 0 0 1 0 0 0 1 1 0 0 1 1 1 1 0 1 0 0 0 1 1 0 1 0 1 1 0 0 0 0 0 0 0 0 0 0 0 1 0 1 0 1 0 1 1 0 1 0 0 0 1 0 0 1 1 1 0 1 0 0 0 1 1 0 1 1 0 1 1 0 0 1 1 0 1 1 0 1 0 0 	8	16
