il numero dei nodi e':100
le condizioni iniziali sono:100
0 1 1 1 1 0 1 0 1 1 1 1 1 1 1 1 1 1 1 1 1 1 1 1 1 1 1 1 1 0 1 1 0 0 0 1 1 0 1 1 1 0 1 0 1 0 1 1 1 0 1 1 0 1 1 1 1 0 1 1 0 1 0 0 1 0 1 1 1 1 0 1 1 0 1 1 1 1 1 1 0 0 1 1 1 1 1 1 1 1 1 1 1 1 1 1 1 1 1 1 	0 256 256 256 256 255 256 253 256 256 256 256 256 256 256 256 256 256 256 256 256 256 256 256 256 256 256 256 256 254 256 256 9 255 0 256 256 253 256 256 256 254 256 253 256 255 256 256 256 47 256 256 183 256 256 256 256 255 256 256 0 256 253 253 256 253 256 256 256 256 253 256 256 253 256 256 256 256 256 256 253 253 256 256 256 256 256 256 256 256 256 256 256 256 256 256 256 256 256 256 
1 1 1 1 1 0 1 0 1 1 1 1 1 1 1 1 1 1 1 1 1 1 1 1 1 1 1 1 1 0 1 1 1 1 1 1 1 1 1 1 1 1 1 0 1 0 1 1 1 0 1 1 0 0 0 1 1 1 1 1 1 1 0 0 1 0 1 1 1 1 0 0 1 0 1 1 1 1 1 1 1 0 1 1 1 1 1 1 1 0 0 1 1 0 1 1 1 1 1 1 	256 256 256 256 256 255 256 253 256 256 256 256 256 256 256 256 256 256 256 256 256 256 256 256 256 256 256 256 256 253 256 256 256 256 256 256 256 256 256 256 256 256 256 254 256 255 256 256 256 253 256 256 0 0 0 256 256 256 256 256 256 256 255 0 256 253 256 256 256 256 253 0 256 253 256 256 256 256 256 256 256 253 256 256 256 256 256 256 256 255 0 256 256 64 256 256 256 256 256 256 
0 1 1 1 1 1 1 0 1 1 0 1 1 1 1 1 1 1 1 1 0 1 1 0 1 1 1 1 1 0 1 1 0 1 1 1 1 1 1 1 1 0 0 0 1 1 1 1 1 0 1 1 0 0 0 1 1 1 1 1 0 1 0 0 1 1 1 1 1 1 0 0 1 1 1 1 1 1 1 1 0 0 0 1 1 1 1 1 1 1 1 1 1 1 1 1 1 1 1 1 	253 256 256 256 256 256 256 253 256 256 253 256 256 256 256 256 256 256 256 256 255 256 256 255 256 256 256 256 256 253 256 256 254 256 256 256 256 256 256 256 256 254 254 253 256 256 256 256 256 254 256 256 253 253 253 256 256 256 256 256 253 256 253 139 256 256 256 256 256 256 0 253 256 256 256 256 256 256 256 256 253 0 255 256 256 256 256 256 256 256 256 256 256 256 256 256 256 256 256 256 
1 1 1 1 1 1 1 1 1 0 1 1 1 1 1 1 1 1 1 1 1 1 1 1 1 0 1 1 1 0 1 1 0 1 1 1 1 1 1 1 1 0 1 0 1 1 1 1 0 1 1 1 1 0 0 1 1 1 1 0 1 1 0 0 1 0 1 1 0 1 0 1 1 1 0 0 1 1 1 1 0 0 0 1 1 1 1 1 1 1 1 0 1 0 1 1 1 1 1 1 	256 256 256 256 256 256 256 256 256 172 256 256 256 256 256 256 256 256 256 256 256 256 256 256 256 255 256 256 256 253 256 256 253 256 256 256 256 256 256 256 256 253 256 253 256 256 256 256 255 256 256 256 256 253 253 256 256 256 256 255 256 256 253 253 256 253 256 256 255 256 0 256 256 256 255 255 256 256 256 256 253 253 0 256 256 256 256 256 256 256 256 255 256 255 256 256 256 256 256 256 
1 1 1 1 1 0 0 1 1 0 0 1 1 1 1 1 1 1 1 1 1 1 1 1 1 1 1 1 1 0 1 1 1 1 1 1 1 1 1 1 1 0 1 0 1 1 1 1 1 0 1 1 0 0 0 1 1 1 1 1 0 1 1 0 1 1 1 1 1 0 1 0 1 1 1 0 1 1 0 1 0 0 0 1 1 1 1 1 1 0 1 1 1 1 1 1 1 1 1 1 	256 256 256 256 256 253 0 256 256 187 253 256 256 256 256 256 256 256 256 256 256 256 256 256 256 256 256 256 256 253 256 256 256 256 256 256 256 256 256 256 256 0 256 253 256 256 256 256 256 135 256 256 140 253 0 256 256 256 256 256 253 256 256 0 256 256 256 256 256 255 256 0 256 256 256 253 256 256 0 256 253 0 253 256 256 256 256 256 256 255 256 256 256 256 256 256 256 256 256 256 
0 1 1 1 1 1 1 0 1 1 0 1 1 1 1 1 1 1 0 1 1 1 1 1 1 1 1 1 1 0 1 1 1 1 1 1 1 0 1 1 1 0 1 0 1 1 1 1 1 0 1 1 0 0 0 1 1 1 1 1 0 1 0 0 1 0 1 1 1 0 1 0 1 0 1 1 1 0 0 1 0 1 1 1 1 1 1 1 0 0 1 1 1 1 1 1 1 1 1 1 	253 256 256 256 256 256 256 54 256 256 0 256 256 256 256 256 256 256 255 256 256 256 256 256 256 256 256 256 256 253 256 256 256 256 256 256 256 0 256 256 256 0 256 253 256 256 256 256 256 253 256 256 37 253 198 256 256 256 256 256 253 256 253 253 256 254 256 256 256 255 256 0 256 151 256 256 256 255 255 256 253 256 256 256 256 256 256 256 255 255 256 256 256 256 256 256 256 256 256 256 
0 1 1 1 1 1 1 1 1 0 0 1 1 1 1 1 1 1 1 1 1 1 1 1 1 1 1 1 1 1 1 0 0 1 1 1 1 1 1 1 1 1 1 0 0 1 1 1 1 1 1 0 0 1 1 1 1 0 1 1 0 1 1 0 1 0 1 1 1 0 0 0 0 0 1 0 1 1 1 1 0 0 1 1 1 1 1 1 1 1 1 1 1 1 1 1 1 1 1 1 	0 256 256 256 256 256 256 256 256 115 253 256 256 256 256 256 256 256 256 256 256 256 256 256 256 256 256 256 256 256 256 255 139 256 256 256 256 256 256 256 256 256 256 253 255 256 256 256 256 256 256 255 253 256 256 256 256 255 256 256 215 256 256 255 256 97 256 256 256 253 253 253 255 253 256 0 256 256 256 256 253 253 256 256 256 256 256 256 256 256 256 256 256 256 256 256 256 256 256 256 
0 1 0 1 1 1 1 0 1 1 0 1 1 0 1 0 1 1 1 1 1 0 1 1 1 1 1 1 1 0 1 1 0 1 1 1 1 0 1 1 1 0 1 1 1 1 1 1 1 0 1 1 1 0 1 1 1 1 1 1 0 1 0 0 1 1 1 1 1 1 0 0 1 1 1 1 1 1 1 1 0 1 1 1 1 1 1 1 1 1 1 1 1 1 1 1 1 1 1 1 	155 256 0 256 256 256 256 253 256 256 0 256 256 255 256 255 256 256 256 256 256 255 256 256 256 256 256 256 256 0 256 256 254 256 256 256 256 253 256 256 256 254 256 256 256 256 256 256 256 253 256 256 256 254 256 256 256 256 256 256 254 256 253 4 256 256 256 256 256 256 253 88 256 256 256 256 256 256 256 256 254 256 256 256 256 256 256 256 256 256 256 256 256 256 256 256 256 256 256 256 
0 1 0 1 1 1 1 0 1 0 0 1 0 1 1 1 1 1 1 1 1 1 1 0 1 1 1 1 1 0 1 1 1 1 1 1 1 0 1 1 1 0 1 0 1 1 1 1 1 1 1 1 0 1 0 1 1 1 1 0 0 1 0 0 1 0 1 1 1 1 1 1 1 1 1 0 1 1 0 1 0 0 1 1 1 1 0 1 1 0 1 1 1 1 1 1 1 1 1 1 	253 256 169 256 256 256 256 254 256 0 253 256 255 256 256 256 256 256 256 256 256 256 256 255 256 256 256 256 256 253 256 256 256 256 256 256 256 254 256 256 256 0 256 0 256 256 256 256 256 256 256 256 253 256 0 256 256 256 256 255 253 256 0 254 256 253 256 256 256 256 256 256 256 256 256 253 256 256 255 256 253 253 256 256 256 256 255 256 256 49 256 256 256 256 256 256 256 256 256 256 
0 1 0 1 1 1 0 1 1 0 1 1 1 1 1 1 1 1 1 1 1 1 1 1 1 1 1 1 1 0 1 1 0 1 1 1 1 1 1 1 1 0 1 0 1 1 1 1 1 0 1 1 0 0 0 1 1 1 1 1 1 1 0 0 1 0 1 1 1 1 0 0 1 1 1 0 1 1 1 1 1 1 1 1 1 1 1 1 0 1 1 1 1 1 1 1 1 1 1 1 	253 256 255 256 256 256 255 256 256 0 256 256 256 256 256 256 256 256 256 256 256 256 256 256 256 256 256 256 256 253 256 256 254 256 256 256 256 256 256 256 256 254 256 0 256 256 256 256 256 254 256 256 253 0 100 256 256 256 256 256 256 256 253 253 256 236 256 256 256 256 0 253 256 256 256 253 256 256 256 256 256 256 256 256 256 256 256 256 255 256 256 256 256 256 256 256 256 256 256 256 
0 1 1 1 1 1 0 0 1 0 0 1 1 1 1 1 1 1 1 1 1 0 1 1 1 1 0 1 1 0 1 1 1 1 1 1 1 0 1 1 1 0 1 0 1 1 1 1 1 1 1 1 0 0 0 1 1 1 1 1 0 0 1 0 1 0 1 1 1 1 0 0 1 0 1 0 1 1 0 1 0 1 1 1 1 1 1 1 1 1 1 1 1 1 1 1 1 1 1 1 	0 256 256 256 256 256 255 253 256 254 253 256 256 256 256 256 256 256 256 256 256 255 256 256 256 256 255 256 256 254 256 256 256 256 256 256 256 253 256 256 256 0 256 253 256 256 256 256 256 256 256 256 253 139 0 256 256 256 256 256 235 255 256 253 256 0 256 256 256 256 254 254 256 253 256 253 256 256 255 256 253 256 256 256 256 256 256 256 256 256 256 256 256 256 256 256 256 256 256 256 
1 1 1 1 1 1 1 0 1 0 1 1 1 1 1 1 1 1 1 1 1 1 1 1 1 1 1 1 1 0 1 1 1 1 1 1 1 0 1 1 1 0 1 1 1 1 1 1 1 0 1 1 0 1 0 1 1 1 1 1 0 1 1 0 1 0 1 1 1 1 0 0 1 0 1 1 1 1 1 1 0 0 0 1 1 1 0 1 0 1 1 1 1 0 1 1 1 1 1 1 	256 256 256 256 256 256 256 254 256 253 256 256 256 256 256 256 256 256 256 256 256 256 256 256 256 256 256 256 256 253 256 256 256 256 256 256 256 0 256 256 256 253 256 256 256 256 256 256 256 212 256 256 0 256 253 256 256 256 256 256 253 256 256 0 256 253 256 256 256 256 253 254 256 253 256 256 256 256 256 256 253 253 255 256 256 256 255 256 255 256 256 256 256 255 256 256 256 256 256 256 
0 1 1 1 1 1 1 1 1 0 0 1 0 1 1 1 1 1 0 1 1 1 1 1 1 1 1 0 1 0 1 1 0 1 1 1 1 0 1 1 1 0 0 0 1 1 1 0 1 0 1 1 0 0 0 1 1 1 1 1 0 1 1 1 1 0 1 1 1 1 1 0 1 1 1 0 1 1 1 1 0 0 1 1 1 1 1 1 1 0 1 1 1 1 1 1 1 1 1 1 	63 256 256 256 256 256 256 256 256 254 253 256 255 256 256 256 256 256 151 256 256 256 256 256 256 256 256 52 256 192 256 256 254 256 256 256 256 253 256 256 256 254 255 253 256 256 256 0 256 0 256 256 253 253 0 256 256 256 256 256 0 256 256 256 256 157 256 256 256 256 256 0 256 256 256 253 256 256 256 256 0 253 256 256 256 256 256 256 256 0 256 256 256 256 256 256 256 256 256 256 
0 1 1 1 1 1 1 0 1 1 0 1 1 1 1 0 1 1 1 1 1 1 1 0 1 1 1 1 1 0 1 1 0 1 1 1 1 1 1 1 1 1 1 0 1 1 1 1 1 0 1 1 0 0 0 1 1 1 1 1 1 1 0 0 1 0 1 1 1 0 1 0 1 0 1 1 1 1 1 1 1 0 1 1 1 1 1 1 1 1 1 1 1 0 1 1 1 1 1 1 	253 256 256 256 256 256 256 253 256 256 0 256 256 256 256 255 256 256 256 256 256 256 256 255 256 256 256 256 256 253 256 256 173 256 256 256 256 256 256 256 256 256 256 254 256 256 256 256 256 254 256 256 0 0 253 256 256 256 256 256 256 256 253 253 256 254 256 256 256 253 256 106 256 253 256 256 256 256 256 256 256 254 256 256 256 256 256 256 256 256 256 256 256 253 256 256 256 256 256 256 
0 1 1 1 1 1 1 0 1 1 0 1 1 1 1 1 1 1 1 1 1 1 1 1 1 1 1 1 1 0 1 1 0 1 1 1 1 0 1 1 1 1 0 1 1 1 1 1 1 1 1 1 0 0 0 1 1 1 1 1 0 1 0 0 1 0 1 1 1 1 0 0 1 1 1 1 1 1 1 1 0 0 1 0 1 1 1 1 1 1 1 1 1 0 1 1 1 1 1 1 	253 256 256 256 256 256 256 0 256 256 253 256 256 256 256 256 256 256 256 256 256 256 256 256 256 256 256 256 256 253 256 256 253 256 256 256 256 255 256 256 256 256 0 256 256 256 256 256 256 256 256 256 0 255 253 256 256 256 256 256 119 256 0 254 256 253 256 256 256 256 0 253 256 256 256 256 256 256 256 256 254 253 256 0 256 256 256 256 256 256 256 256 256 255 256 256 256 256 256 256 
0 1 1 1 1 0 1 0 1 0 0 1 1 1 1 0 1 1 1 1 1 1 1 1 1 1 1 0 1 0 1 1 0 1 1 1 1 1 1 1 1 1 0 0 1 1 1 1 1 1 1 1 0 0 0 1 1 1 1 1 0 1 1 0 1 0 1 1 1 1 0 0 1 1 1 0 1 1 1 1 0 0 1 1 1 1 0 1 1 0 1 1 1 0 1 1 1 1 1 1 	169 256 256 256 256 255 256 254 256 253 253 256 256 256 256 255 256 256 256 256 256 256 256 256 256 256 256 0 256 253 256 256 255 256 256 256 256 256 256 256 256 256 253 253 256 256 256 256 256 256 256 256 0 254 15 256 256 256 256 256 254 256 256 253 256 0 256 256 256 256 0 0 256 256 256 254 256 256 256 256 254 253 256 256 256 256 255 256 256 253 256 256 256 254 256 256 256 256 256 256 
0 1 1 1 1 1 1 0 1 1 0 1 1 1 1 1 1 1 1 1 1 1 1 1 1 0 1 0 1 0 1 1 0 1 1 1 1 1 1 1 1 0 0 0 0 1 1 0 0 0 1 1 0 1 1 1 1 0 1 1 1 1 0 0 1 0 1 1 1 1 0 0 0 1 1 1 1 0 1 1 1 1 0 1 1 1 0 1 1 0 1 1 1 0 1 1 1 1 1 1 	253 256 256 256 256 256 256 253 256 256 0 256 256 256 256 256 256 256 256 256 256 256 256 256 256 255 256 254 256 253 256 256 253 256 256 256 256 256 256 256 256 253 255 253 33 256 256 253 255 0 256 256 0 256 256 256 256 255 256 256 256 256 0 253 256 163 256 256 256 256 0 0 0 256 256 256 256 255 256 256 256 256 0 256 256 256 255 256 256 11 256 256 256 255 256 256 256 256 256 256 
0 1 1 1 1 1 1 0 1 0 0 1 1 1 1 1 1 1 1 1 1 1 1 1 1 1 1 1 1 1 1 1 1 1 1 1 1 0 1 1 1 0 0 0 1 1 1 1 1 1 1 0 0 0 1 1 1 1 1 1 0 1 0 1 1 0 1 1 1 1 1 0 1 1 1 0 1 0 0 1 0 0 0 1 1 1 1 1 1 1 1 1 1 1 1 1 1 1 1 1 	253 256 256 256 256 256 256 253 256 253 253 256 256 256 256 256 256 256 256 256 256 256 256 256 256 256 256 256 256 256 256 256 256 256 256 256 256 255 256 256 256 0 253 253 256 256 256 256 256 256 256 255 253 253 256 256 256 256 256 256 253 256 35 256 256 139 256 256 256 256 256 254 256 256 256 253 256 255 0 256 253 253 253 256 256 256 256 256 256 256 256 256 256 256 256 256 256 256 256 256 
1 1 1 1 1 1 1 0 1 0 1 1 1 1 1 1 1 1 0 1 1 1 1 1 1 1 1 1 1 0 1 1 1 1 1 1 1 0 1 1 1 0 1 0 1 1 1 0 1 0 1 1 0 0 0 1 0 1 1 1 1 1 0 0 1 1 1 1 1 1 0 0 1 1 1 0 1 1 1 1 1 0 1 1 1 1 1 1 1 1 0 1 1 1 1 0 1 1 1 1 	256 256 256 256 256 256 256 0 256 253 256 256 256 256 256 256 256 256 0 256 256 256 256 256 256 256 256 256 256 253 256 256 256 256 256 256 256 253 256 256 256 0 256 0 256 256 256 255 256 0 256 256 107 0 254 256 255 256 256 256 256 256 253 0 256 256 256 256 256 256 232 119 256 256 256 254 256 256 256 256 256 0 256 256 256 256 256 256 256 256 197 256 256 256 256 255 256 256 256 256 
0 1 1 1 1 1 1 1 1 0 0 1 1 1 1 1 1 1 1 1 1 0 1 1 1 1 1 1 1 0 1 1 1 1 1 1 1 1 1 1 1 1 0 0 1 1 1 1 0 0 1 1 0 1 1 1 1 1 1 1 1 1 0 0 1 1 0 1 1 1 0 0 1 1 1 1 1 0 1 1 1 1 1 1 1 1 1 1 1 0 1 1 1 0 1 1 1 1 1 1 	253 256 256 256 256 256 256 256 256 253 253 256 256 256 256 256 256 256 256 256 256 255 256 256 256 256 256 256 256 0 256 256 256 256 256 256 256 256 256 256 256 256 100 0 256 256 256 256 255 254 256 256 0 256 256 256 256 256 256 256 256 256 253 253 256 256 253 256 256 256 0 0 256 256 256 256 256 255 256 256 256 256 256 256 256 256 256 256 256 0 256 256 256 253 256 256 256 256 256 256 
0 1 1 1 1 1 1 0 1 0 0 1 1 1 1 1 1 1 1 1 1 0 1 1 1 1 1 1 1 1 1 1 1 0 1 1 1 1 1 1 1 0 0 0 1 1 1 1 1 0 1 0 0 0 0 1 1 1 1 1 0 1 0 1 1 1 1 1 1 1 0 0 1 1 1 0 1 1 0 1 0 1 1 1 1 1 1 1 1 1 1 1 1 1 1 1 1 1 1 1 	255 256 256 256 256 256 256 253 256 253 253 256 256 256 256 256 256 256 256 256 256 255 256 256 256 256 256 256 256 256 256 256 256 255 256 256 256 256 256 256 256 0 255 0 256 256 256 256 256 253 256 255 23 253 254 256 256 256 256 256 253 256 253 256 256 256 256 256 256 256 0 253 256 256 256 0 256 256 85 256 0 256 256 256 256 256 256 256 256 256 256 256 256 256 256 256 256 256 256 256 
0 1 1 1 1 1 1 0 1 1 0 1 0 1 1 1 1 1 0 1 1 1 1 1 1 1 1 1 1 1 1 1 1 1 1 1 1 0 1 1 1 1 1 1 1 1 1 1 1 0 1 0 0 0 0 1 1 1 1 1 0 0 0 0 1 0 1 1 1 0 0 0 1 1 1 1 1 0 1 1 1 1 0 1 1 1 1 1 1 1 1 1 1 1 1 1 0 1 1 1 	0 256 256 256 256 256 256 253 256 256 0 256 255 256 256 256 256 256 255 256 256 256 256 256 256 256 256 256 256 256 256 256 256 256 256 256 256 0 256 256 256 256 256 256 256 256 256 256 256 254 256 255 118 253 253 256 256 256 256 256 0 255 226 253 256 255 256 256 256 253 253 253 256 256 256 256 256 255 256 256 256 256 255 256 256 256 256 256 256 256 256 256 256 256 256 256 255 256 256 256 
1 1 0 1 1 1 1 0 1 0 1 1 1 1 1 1 1 1 1 1 1 1 1 1 1 1 1 1 1 0 1 1 1 1 1 1 1 1 1 1 1 0 1 0 1 1 1 1 1 1 1 1 0 1 0 1 1 1 1 1 1 1 0 0 1 0 1 1 1 1 0 0 1 1 1 1 1 1 1 1 1 0 1 1 1 1 1 1 1 0 0 1 1 0 1 1 1 1 1 1 	256 256 32 256 256 256 256 253 256 0 256 256 256 256 256 256 256 256 256 256 256 256 256 256 256 256 256 256 256 253 256 256 256 256 256 256 256 256 256 256 256 0 256 253 256 256 256 256 256 256 256 256 0 256 253 256 256 256 256 256 256 256 40 0 256 94 256 256 256 256 253 0 256 256 256 256 256 256 256 256 256 253 256 256 256 256 256 256 256 253 0 256 256 125 256 256 256 256 256 256 
1 1 1 1 1 1 1 1 1 0 0 1 1 1 1 1 1 1 1 1 1 1 1 1 1 1 1 1 1 1 1 1 0 1 1 1 1 1 1 1 1 0 0 0 1 1 1 1 1 1 1 1 0 0 0 1 0 1 1 1 1 0 0 0 1 1 1 1 1 1 0 0 1 1 1 0 1 0 1 1 1 0 1 1 1 1 1 1 1 1 0 1 1 1 1 1 1 1 1 1 	256 256 256 256 256 256 256 256 256 254 253 256 256 256 256 256 256 256 256 256 256 256 256 256 256 256 256 256 256 256 256 256 253 256 256 256 256 256 256 256 256 254 255 253 256 256 256 256 256 256 256 256 253 0 253 256 255 256 256 256 256 255 254 0 256 256 256 256 256 256 0 0 256 256 256 254 256 255 256 256 256 0 256 256 256 256 256 256 256 256 255 256 256 256 256 256 256 256 256 256 
0 1 1 1 1 1 1 0 1 0 0 1 1 1 1 1 1 1 1 1 1 1 1 1 1 1 1 1 1 0 1 1 1 1 1 1 1 1 1 1 1 0 0 0 1 1 1 1 1 0 1 1 0 0 0 1 1 1 1 1 1 1 1 0 1 1 1 1 1 1 1 0 1 1 0 0 1 1 1 1 0 1 1 1 1 1 0 1 1 1 1 0 1 1 1 1 1 0 1 0 	0 256 256 256 256 256 256 254 256 0 254 256 256 256 256 256 256 256 256 256 256 256 256 256 256 256 256 256 256 253 256 256 256 256 256 256 256 256 256 256 256 253 0 110 256 256 256 256 256 253 256 256 253 253 253 256 256 256 256 256 256 256 256 0 256 256 256 256 256 256 256 195 256 256 255 253 256 256 256 256 0 256 256 256 256 256 255 256 256 256 256 255 256 256 256 256 256 255 256 255 
0 1 1 1 1 1 1 0 1 0 0 1 1 1 1 1 1 1 1 1 1 0 1 1 1 1 1 1 1 0 1 1 1 1 1 1 1 0 1 1 1 0 1 1 1 1 1 1 1 0 1 1 0 0 0 1 1 1 0 1 0 1 0 0 1 1 1 1 1 1 1 0 1 0 1 0 1 1 0 1 1 1 1 1 1 1 1 1 1 0 1 1 1 0 1 1 1 1 1 1 	253 256 256 256 256 256 256 253 256 253 253 256 256 256 256 256 256 256 256 256 256 0 256 256 256 256 256 256 256 253 256 256 256 256 256 256 256 253 256 256 256 0 256 256 256 256 256 256 256 253 256 256 0 212 253 256 256 256 255 256 0 256 253 253 256 256 256 256 256 256 256 0 256 253 256 253 256 256 253 256 256 256 256 256 256 256 256 256 256 0 256 256 256 130 256 256 256 256 256 256 
0 1 1 1 1 1 1 0 1 1 0 1 1 1 1 1 1 1 1 1 1 1 1 1 1 1 1 0 1 0 1 1 0 1 1 1 1 0 1 1 1 0 1 1 1 1 1 0 1 0 1 1 1 0 1 1 1 0 0 1 0 1 1 0 1 0 1 1 0 1 0 0 1 0 1 0 1 1 1 1 0 0 1 1 1 1 1 1 1 1 1 1 1 0 1 1 1 1 1 1 	0 256 256 256 256 256 256 254 256 256 253 256 256 256 256 256 256 256 256 256 256 256 256 256 256 256 256 255 256 254 256 256 253 256 256 256 256 253 256 256 256 253 256 256 256 256 256 255 256 0 256 256 256 167 256 256 256 255 255 256 0 256 256 253 256 254 256 256 255 256 66 253 256 253 256 253 256 256 256 256 78 254 256 256 256 256 256 256 256 256 256 256 256 255 256 256 256 256 256 256 
0 1 1 1 1 1 1 0 1 1 0 1 1 1 1 1 1 1 1 1 1 1 1 1 1 1 1 1 1 0 1 1 1 1 1 1 1 0 1 1 1 1 1 0 1 1 1 1 1 0 1 1 0 0 1 1 1 1 1 1 0 1 0 1 1 0 1 1 1 1 0 0 1 0 1 1 1 0 0 1 0 0 1 1 1 1 1 1 1 1 1 1 0 1 1 1 1 1 1 1 	78 256 256 256 256 256 256 254 256 256 0 256 256 256 256 256 256 256 256 256 256 256 256 256 256 256 256 256 256 0 256 256 256 256 256 256 256 178 256 256 256 256 256 253 256 256 256 256 256 253 256 256 22 253 256 256 256 256 256 256 0 256 93 256 256 253 256 256 256 256 253 253 256 253 256 256 256 255 0 256 253 253 256 256 256 256 256 256 256 256 256 256 0 256 256 256 256 256 256 256 
0 1 0 1 1 1 1 0 1 0 0 1 1 1 1 1 1 1 0 1 1 1 1 1 1 1 1 1 1 0 1 1 1 0 1 1 1 0 1 1 1 1 1 0 1 1 1 1 1 0 1 1 0 0 0 1 1 1 1 1 0 1 0 1 1 0 1 1 1 1 0 0 1 1 1 0 1 1 1 1 0 0 1 1 1 1 0 1 0 0 1 1 1 0 1 1 1 1 1 1 	253 256 253 256 256 256 256 253 256 0 253 256 256 256 256 256 256 256 255 256 256 256 256 256 256 256 256 256 256 253 256 256 256 255 256 256 256 253 256 256 256 256 256 254 256 256 256 256 256 253 256 256 0 253 0 256 256 256 256 256 0 256 255 256 256 253 256 256 256 256 253 0 256 256 256 0 256 256 256 256 254 203 256 256 256 256 255 256 255 253 256 256 256 0 256 256 256 256 256 256 
0 1 1 1 1 1 1 0 1 0 1 1 0 1 1 1 1 1 1 1 1 1 1 1 1 1 1 1 1 0 1 1 1 1 1 1 1 0 1 1 1 1 1 1 0 1 1 1 1 0 1 1 0 1 0 1 1 1 1 1 1 1 0 0 1 1 1 1 1 1 0 0 0 1 0 1 1 1 1 1 1 0 1 1 1 1 1 1 1 1 1 0 1 1 1 1 1 1 1 1 	255 256 256 256 256 256 256 0 256 253 256 256 255 256 256 256 256 256 256 256 256 256 256 256 256 256 256 256 256 247 256 256 256 256 256 256 256 253 256 256 256 256 256 256 255 256 256 256 256 124 256 256 231 256 253 256 256 256 256 256 256 256 253 0 256 256 256 256 256 256 253 253 255 256 255 256 256 256 256 256 256 0 256 256 256 256 256 256 256 256 256 255 256 256 256 256 256 256 256 256 
0 1 1 1 1 1 1 0 1 1 0 1 1 1 1 1 1 1 1 1 1 1 1 1 1 1 1 1 1 0 1 1 0 1 1 1 1 0 1 1 1 0 1 0 1 1 1 1 1 0 1 1 0 1 0 1 1 1 1 1 0 1 0 1 1 0 1 1 1 1 0 0 1 1 1 1 1 1 1 1 0 0 0 0 1 1 1 1 1 1 1 1 1 1 1 1 1 1 1 1 	253 256 256 256 256 256 256 0 256 256 0 256 256 256 256 256 256 256 256 256 256 256 256 256 256 256 256 256 256 253 256 256 0 256 256 256 256 253 256 256 256 254 256 254 256 256 256 256 256 253 256 256 254 256 253 256 256 256 256 256 253 256 0 256 256 0 256 256 256 256 253 254 256 256 256 256 256 256 256 256 254 253 255 0 256 256 256 256 256 256 256 256 256 256 256 256 256 256 256 256 
1 1 0 1 1 1 1 0 1 0 0 1 1 1 1 1 1 1 1 1 1 1 1 1 1 1 1 1 1 0 1 1 0 1 1 1 1 1 1 1 1 1 1 0 1 1 1 1 1 1 1 1 0 0 0 1 1 1 1 1 1 1 0 0 1 0 1 1 1 1 1 0 1 1 0 0 1 1 1 1 0 0 1 1 1 1 1 1 1 1 1 0 1 0 1 1 1 1 1 1 	256 256 253 256 256 256 256 108 256 0 253 256 256 256 256 256 256 256 256 256 256 256 256 256 256 256 256 256 256 253 256 256 253 256 256 256 256 256 256 256 256 256 256 254 256 256 256 256 256 256 256 256 0 254 253 256 256 256 256 256 256 256 80 253 256 253 256 256 256 256 256 223 256 256 255 254 256 256 256 256 254 253 256 256 256 256 256 256 256 256 256 255 256 255 256 256 256 256 256 256 
0 1 1 1 1 0 1 0 1 1 0 1 1 1 1 0 1 1 1 1 1 1 1 1 1 1 1 1 1 0 1 1 0 1 1 1 1 1 1 1 1 1 1 0 0 1 1 1 1 1 1 1 0 1 0 1 1 1 1 1 1 1 1 1 1 0 1 1 1 1 0 0 1 0 1 1 1 1 1 1 1 0 1 0 1 1 1 1 1 1 1 1 1 1 1 1 1 1 1 1 	253 256 256 256 256 255 256 253 256 256 0 256 256 256 256 255 256 256 256 256 256 256 256 256 256 256 256 256 256 253 256 256 253 256 256 256 256 256 256 256 256 256 256 254 255 256 256 256 256 256 256 256 43 256 18 256 256 256 256 256 256 256 256 256 256 253 256 256 256 256 253 253 256 253 256 256 256 256 256 256 256 253 256 255 256 256 256 256 256 256 256 256 256 256 256 256 256 256 256 256 
0 1 1 1 1 1 1 0 1 1 0 1 1 1 1 1 1 1 1 1 1 1 1 1 1 1 1 1 1 0 1 1 1 1 1 1 1 0 1 1 1 1 1 0 1 1 1 1 1 1 1 1 0 0 1 1 1 0 1 1 0 0 0 0 1 0 1 1 1 1 0 0 1 0 1 0 1 1 1 1 0 1 1 1 1 1 1 1 1 1 1 1 1 1 1 1 1 1 1 1 	253 256 256 256 256 256 256 253 256 256 253 256 256 256 256 256 256 256 256 256 256 256 256 256 256 256 256 256 256 253 256 256 256 256 256 256 256 253 256 256 256 256 256 253 256 256 256 256 256 256 256 256 253 133 256 256 256 255 256 256 218 255 254 253 256 253 256 256 256 256 253 118 256 253 256 253 256 256 256 256 0 256 256 256 256 256 256 256 256 256 256 256 256 256 256 256 256 256 256 256 
0 1 0 1 1 1 1 0 1 0 0 1 1 1 1 1 1 1 1 1 1 1 1 1 1 1 1 0 1 0 1 1 0 1 1 1 1 0 1 1 1 0 1 1 1 1 1 0 1 1 1 1 0 0 1 1 1 1 1 1 0 1 0 0 1 0 1 1 1 1 1 0 1 1 1 0 1 0 1 1 1 0 0 1 1 1 1 1 0 0 1 1 1 1 1 1 1 1 1 1 	253 256 48 256 256 256 256 47 256 0 253 256 256 256 256 256 256 256 256 256 256 256 256 256 256 256 256 254 256 0 256 256 253 256 256 256 256 253 256 256 256 253 256 256 256 256 256 0 256 256 256 256 12 253 256 256 256 256 256 256 253 256 82 253 256 253 256 256 256 256 256 0 256 256 256 180 256 255 256 256 256 253 255 256 256 256 256 256 255 0 256 256 256 256 256 256 256 256 256 256 
0 1 1 1 1 1 1 1 1 0 0 1 1 1 1 1 1 1 1 1 1 1 1 1 1 1 1 1 1 0 1 1 0 0 1 1 1 0 1 1 1 1 1 0 1 1 1 1 1 1 1 1 0 0 0 1 1 1 1 1 0 0 0 0 1 0 1 1 1 1 0 0 1 1 1 0 1 1 1 1 0 0 1 1 1 1 1 1 1 1 1 1 1 0 1 1 1 1 1 1 	0 256 256 256 256 256 256 256 256 0 254 256 256 256 256 256 256 256 256 256 256 256 256 256 256 256 256 256 256 253 256 256 0 253 256 256 256 119 256 256 256 256 256 253 256 256 256 256 256 256 256 256 0 253 16 256 256 256 256 256 253 255 255 253 256 253 256 256 256 256 253 126 256 256 256 0 256 256 256 256 253 253 256 256 256 256 256 256 256 256 256 256 256 253 256 256 256 256 256 256 
0 1 1 1 1 1 1 0 1 0 0 1 1 1 1 1 1 1 0 1 1 1 1 1 1 1 1 1 1 0 1 1 1 1 1 1 1 0 1 1 1 0 1 1 0 1 0 1 1 0 1 1 0 1 0 1 1 1 1 1 0 1 0 0 1 0 1 1 0 1 0 0 0 0 1 1 1 1 0 1 0 0 1 1 1 1 1 1 1 1 1 1 1 0 1 1 1 1 1 1 	253 256 256 256 256 256 256 253 256 254 253 256 256 256 256 256 256 256 255 256 256 256 256 256 256 256 256 256 256 253 256 256 256 256 256 256 256 253 256 256 256 0 256 256 0 256 255 256 256 253 256 256 0 256 253 256 256 256 256 256 253 256 253 136 256 253 256 256 255 256 253 0 0 253 256 256 256 256 253 256 254 68 256 256 256 256 256 256 256 256 256 256 256 133 256 256 256 256 256 256 
0 1 0 1 1 1 1 0 1 0 0 1 1 0 1 0 1 1 1 1 1 1 1 1 1 1 1 1 1 0 1 1 0 1 1 1 1 0 1 1 1 0 1 1 1 1 1 1 1 0 1 1 0 0 0 1 1 1 1 1 0 1 0 0 1 1 1 1 1 1 0 0 1 0 1 0 1 1 1 1 1 1 1 1 1 1 1 1 1 1 1 1 1 1 1 1 1 1 1 1 	253 256 255 256 256 256 256 198 256 68 199 256 256 255 256 255 256 256 256 256 256 256 256 256 256 256 256 256 256 253 256 256 253 256 256 256 256 253 256 256 256 253 256 256 256 256 256 256 256 253 256 256 253 255 218 256 256 256 256 256 254 256 90 253 256 256 256 256 256 256 253 253 256 157 256 255 256 256 256 256 256 256 256 256 256 256 256 256 256 256 256 256 256 256 256 256 256 256 256 256 
1 1 1 1 1 1 1 0 1 1 0 1 1 1 1 1 1 1 1 1 1 1 1 1 0 1 1 1 1 1 1 1 0 0 1 1 1 1 1 1 1 0 0 0 1 1 1 1 1 0 1 0 0 1 0 0 1 1 1 1 1 1 0 0 1 1 1 1 1 1 0 0 1 1 1 1 1 1 1 1 1 0 0 1 1 1 1 1 1 1 0 1 1 1 1 1 1 1 1 1 	256 256 256 256 256 256 256 191 256 256 0 256 256 256 256 256 256 256 256 256 256 256 256 256 255 256 256 256 256 256 256 256 254 255 256 256 256 256 256 256 256 254 0 253 256 256 256 256 256 254 256 255 167 256 253 255 256 256 256 256 256 256 253 0 256 256 256 256 256 256 0 180 256 256 256 256 256 256 256 256 256 0 255 256 256 256 256 256 256 256 253 256 256 256 256 256 256 256 256 256 
1 1 1 1 1 1 1 0 1 0 0 1 1 1 1 1 1 1 1 1 1 1 1 1 1 1 1 1 1 0 1 1 0 1 1 1 1 0 1 1 1 0 0 1 1 1 1 1 1 1 1 1 0 0 1 1 1 1 1 1 0 1 0 0 1 0 1 1 1 1 0 0 1 1 1 0 1 0 1 1 0 1 1 1 1 1 1 1 1 1 1 1 1 1 1 1 1 1 1 1 	256 256 256 256 256 256 256 0 256 254 253 256 256 256 256 256 256 256 256 256 256 256 256 256 256 256 256 256 256 0 256 256 244 256 256 256 256 255 256 256 256 95 0 256 256 256 256 256 256 256 256 256 253 254 256 256 256 256 256 256 175 256 11 0 256 253 256 256 256 256 0 253 256 256 256 254 256 0 256 256 0 256 256 256 256 256 256 256 256 256 256 256 256 256 256 256 256 256 256 256 
0 1 1 1 1 1 0 0 1 0 0 1 1 1 1 0 1 1 0 1 1 1 1 1 1 1 1 1 1 0 1 1 0 0 1 1 1 0 1 1 1 0 1 1 1 1 1 1 1 0 1 1 0 0 0 1 1 1 1 1 0 0 0 0 1 0 1 1 1 1 0 0 1 0 1 0 1 0 1 1 1 1 1 1 1 1 1 1 1 0 1 1 1 1 1 1 1 1 1 1 	0 256 256 256 256 256 255 0 256 253 253 256 256 256 256 255 256 256 255 256 256 256 256 256 256 256 256 256 256 253 256 256 253 253 256 256 256 253 256 256 256 253 256 256 256 256 256 256 256 253 256 256 37 253 253 256 256 256 256 256 253 255 253 254 256 45 256 256 256 256 253 0 256 253 256 0 256 255 256 256 256 256 256 256 256 256 256 256 256 253 256 256 256 256 256 256 256 256 256 256 
0 1 1 1 1 1 1 1 1 0 0 1 1 1 1 1 1 1 1 1 1 1 1 1 1 1 1 1 1 0 1 1 0 1 1 1 1 1 1 1 1 0 0 1 1 1 1 1 0 0 1 1 0 1 0 1 1 1 1 1 1 1 0 1 1 1 1 1 1 1 0 0 1 1 1 0 1 1 1 1 1 0 0 1 1 1 1 1 1 1 1 1 1 1 1 1 1 1 1 1 	0 256 256 256 256 256 256 256 256 254 253 256 256 256 256 256 256 256 256 256 256 256 256 256 256 256 256 256 256 253 256 256 254 256 256 256 256 256 256 256 256 254 0 256 256 256 256 256 0 253 256 256 253 256 253 256 256 256 256 256 256 256 0 256 256 256 256 256 256 256 0 174 256 256 256 253 256 256 256 256 256 0 0 256 256 256 256 256 256 256 256 256 256 256 256 256 256 256 256 256 
0 1 0 1 1 1 1 0 1 0 0 1 1 0 1 0 1 1 1 1 1 1 1 1 1 1 1 1 1 0 1 1 1 1 1 1 1 1 1 1 1 0 0 0 1 1 1 1 1 0 1 1 1 1 1 1 0 1 1 1 1 1 1 0 1 0 0 1 0 1 1 0 1 1 1 1 1 0 1 1 1 1 1 1 1 1 0 1 1 1 1 1 1 0 1 1 1 1 1 1 	253 256 255 256 256 256 256 254 256 254 91 256 256 255 256 255 256 256 256 256 256 256 256 256 256 256 256 256 256 0 256 256 256 256 256 256 256 256 256 256 256 254 0 253 256 256 256 256 256 254 256 256 256 256 256 256 255 256 256 256 256 256 256 253 256 253 0 256 255 256 256 253 256 256 256 256 256 255 256 256 256 256 256 256 256 256 255 256 256 256 256 256 256 0 256 256 256 256 256 256 
0 1 1 1 1 1 1 1 1 1 1 1 1 1 1 1 1 1 0 1 1 1 1 1 1 1 1 1 1 0 1 1 0 1 1 1 0 1 1 1 1 0 1 0 0 1 1 1 0 0 1 1 0 0 1 1 1 1 1 1 0 0 0 0 1 1 1 1 1 1 0 0 0 1 1 1 1 1 1 1 0 0 1 1 1 1 1 1 1 0 1 1 1 0 1 1 1 1 1 1 	253 256 256 256 256 256 256 256 256 256 256 256 256 256 256 256 256 256 255 256 256 256 256 256 256 256 256 256 256 253 256 256 254 256 256 256 0 256 256 256 256 254 256 253 255 256 256 256 20 253 256 256 0 141 256 256 256 256 256 256 255 0 253 165 256 256 256 256 256 256 0 0 255 256 256 256 256 256 256 256 255 0 256 256 256 256 256 256 256 253 256 256 256 255 256 256 256 256 256 256 
0 1 0 1 1 1 1 0 1 0 0 1 1 1 1 1 1 1 1 1 1 1 1 1 1 1 1 1 1 0 1 1 0 1 1 1 1 0 1 1 1 0 1 0 1 1 1 1 1 0 1 1 1 0 0 1 1 1 1 1 0 1 0 0 1 0 1 1 0 0 1 0 1 1 1 0 1 0 1 1 0 0 1 1 1 1 1 1 1 1 1 1 1 1 1 1 0 1 1 1 	0 256 253 256 256 256 256 0 256 0 253 256 256 256 256 256 256 256 256 256 256 256 256 256 256 256 256 256 256 253 256 256 255 256 256 256 256 0 256 256 256 255 256 254 256 256 256 256 256 253 256 256 256 253 253 256 256 256 256 256 28 256 253 254 256 253 256 256 255 0 256 0 256 256 256 54 256 255 256 256 0 253 256 256 256 256 256 256 256 256 256 256 256 256 256 256 255 256 256 256 
0 1 0 1 1 1 1 0 1 0 1 1 1 0 1 1 1 1 1 1 1 1 1 0 1 1 1 1 1 0 1 1 0 1 1 1 1 0 1 1 1 1 1 0 1 1 1 1 0 1 1 1 0 1 0 1 1 1 1 0 0 1 1 0 1 0 1 1 1 1 0 1 1 1 1 0 1 1 1 1 0 0 1 1 1 1 0 1 1 1 1 1 1 1 1 1 1 1 1 1 	77 256 255 256 256 256 256 140 256 0 256 256 256 255 256 256 256 256 256 256 256 256 256 255 256 256 256 256 256 253 256 256 253 256 256 256 256 197 256 256 256 256 256 253 256 256 256 256 255 256 256 256 183 256 253 256 256 256 256 255 253 256 256 89 256 253 256 256 256 256 253 256 256 256 256 253 256 256 256 256 253 150 256 256 256 256 255 256 256 256 256 256 256 256 256 256 256 256 256 256 
1 1 1 1 1 1 1 0 1 0 0 1 1 1 1 1 1 1 1 1 1 1 1 1 1 1 1 1 1 0 1 1 0 1 1 1 1 1 1 1 1 0 0 0 1 1 1 1 1 0 1 1 0 1 0 1 1 1 1 0 1 1 0 0 1 1 1 1 1 1 1 1 1 1 0 0 1 1 1 1 1 1 1 1 1 1 1 1 1 0 1 0 1 0 1 1 1 1 1 1 	256 256 256 256 256 256 256 0 256 253 253 256 256 256 256 256 256 256 256 256 256 256 256 256 256 256 256 256 256 253 256 256 0 256 256 256 256 256 256 256 256 126 0 31 256 256 256 256 256 254 256 256 0 256 253 256 256 256 256 255 256 256 0 255 256 256 256 256 256 256 256 256 256 256 255 253 256 256 256 256 256 256 256 256 256 256 256 256 256 253 256 255 256 253 256 256 256 256 256 256 
0 1 1 1 1 1 1 0 1 0 1 1 1 1 1 1 1 1 1 1 1 1 1 1 1 1 1 1 1 0 1 1 0 1 1 1 1 0 1 1 1 0 1 1 1 0 1 1 1 0 1 1 0 0 0 1 1 1 1 1 0 1 0 0 1 1 1 1 1 1 0 0 1 0 1 0 1 1 1 1 0 0 1 1 1 1 1 1 1 0 1 1 1 1 1 1 1 1 1 1 	253 256 256 256 256 256 256 0 256 253 256 256 256 256 256 256 256 256 256 256 256 256 256 256 256 256 256 256 256 197 256 256 253 256 256 256 256 253 256 256 256 253 256 256 256 255 256 256 256 254 256 256 253 180 253 256 256 256 256 256 253 256 253 29 256 256 256 256 256 256 254 0 256 140 256 253 256 256 256 256 254 253 256 256 256 256 256 256 256 253 256 256 256 256 256 256 256 256 256 256 
0 1 1 1 1 1 1 0 1 0 1 1 1 1 1 1 1 1 1 1 1 1 1 1 1 1 1 0 1 0 1 1 0 1 1 1 1 0 1 1 1 1 1 0 1 1 1 0 1 0 1 1 0 1 0 1 1 1 1 1 0 1 1 0 1 1 1 1 0 1 0 0 0 1 1 0 1 1 1 1 0 0 1 1 1 1 1 1 1 1 1 1 1 1 1 1 1 1 1 1 	28 256 256 256 256 256 256 254 256 193 256 256 256 256 256 256 256 256 256 256 256 256 256 256 256 256 256 255 256 253 256 256 253 256 256 256 256 254 256 256 256 256 256 254 256 256 256 255 256 0 256 256 227 256 253 256 256 256 256 256 253 256 256 253 256 256 256 256 255 256 158 36 255 256 256 254 256 256 256 256 250 0 256 256 256 256 256 256 256 256 256 256 256 256 256 256 256 256 256 256 
0 1 0 1 1 1 1 1 1 0 0 1 1 1 1 1 1 1 1 1 1 1 1 1 1 1 1 1 1 0 1 1 0 1 1 1 1 1 1 1 1 0 1 0 0 1 1 0 1 0 1 1 0 0 0 1 0 1 1 1 0 1 0 0 1 0 1 1 1 1 0 0 1 1 1 0 1 1 1 1 0 0 1 1 1 1 1 1 1 1 1 1 1 1 1 1 1 1 1 1 	0 256 255 256 256 256 256 256 256 0 253 256 256 256 256 256 256 256 256 256 256 256 256 256 256 256 256 256 256 254 256 256 124 256 256 256 256 256 256 256 256 221 256 254 255 256 256 254 256 0 256 256 253 254 254 256 255 256 256 256 253 256 253 13 256 255 256 256 256 256 253 223 256 256 256 254 256 256 256 256 254 0 256 256 256 256 256 256 256 256 256 256 256 256 256 256 256 256 256 256 
0 1 1 1 1 1 1 1 1 0 0 1 1 1 1 1 1 1 1 1 1 1 1 1 1 1 1 0 1 1 1 1 0 1 1 1 1 0 1 1 1 0 1 1 1 1 1 0 1 0 1 1 0 0 0 1 1 1 1 1 0 1 0 0 1 0 1 1 1 1 0 0 1 0 1 0 1 1 1 1 1 0 1 1 1 1 1 1 1 1 1 1 1 1 1 1 1 1 1 1 	121 256 256 256 256 256 256 256 256 253 253 256 256 256 256 256 256 256 256 256 256 256 256 256 256 256 256 253 256 256 256 256 253 256 256 256 256 253 256 256 256 253 256 256 256 256 256 253 256 0 256 256 253 253 253 256 256 256 256 256 0 256 253 253 256 0 256 256 256 256 128 0 256 253 256 253 256 256 256 256 256 253 256 256 256 256 256 256 256 256 256 256 256 256 256 256 256 256 256 256 
1 1 0 1 1 1 1 0 1 0 1 1 1 0 1 0 1 1 1 1 1 1 1 1 1 1 1 1 1 0 1 1 0 1 1 1 1 0 1 1 1 1 1 0 0 1 1 1 1 0 1 1 0 1 0 1 1 1 1 1 0 1 1 0 1 0 1 1 1 0 0 0 0 0 1 0 1 1 1 1 0 0 1 1 1 1 1 1 1 0 1 1 1 0 1 1 1 1 1 1 	256 256 255 256 256 256 256 253 256 254 256 256 256 255 256 255 256 256 256 256 256 256 256 256 256 256 256 256 256 125 256 256 254 256 256 256 256 0 256 256 256 256 256 254 255 256 256 256 256 253 256 256 0 256 0 256 256 256 256 256 253 256 256 0 256 0 256 256 256 255 253 0 255 253 256 253 256 256 256 256 253 147 256 256 256 256 256 256 256 107 256 256 256 127 256 256 256 256 256 256 
0 1 0 1 1 1 1 0 1 0 0 1 0 0 1 0 1 1 0 1 1 1 1 1 1 1 1 1 1 0 1 1 1 0 1 1 1 0 1 1 1 1 1 0 1 1 1 1 1 0 1 1 0 0 0 1 1 1 1 1 0 1 1 1 1 0 1 1 1 1 0 0 1 0 1 0 1 1 1 1 0 0 1 1 1 1 0 1 1 1 1 1 1 1 1 1 1 1 1 1 	32 256 255 256 256 256 256 17 256 253 253 256 255 0 256 255 256 256 255 256 256 256 256 256 256 256 256 256 256 253 256 256 256 253 256 256 256 253 256 256 256 256 256 253 256 256 256 256 256 253 256 256 253 82 253 256 256 256 256 256 0 256 256 256 256 181 256 256 256 256 253 184 256 253 256 0 256 256 256 256 253 253 256 256 256 256 255 256 256 256 256 256 256 256 256 256 256 256 256 256 
1 1 1 1 1 1 1 0 1 1 0 1 1 1 1 1 1 1 1 1 1 1 1 1 1 1 1 1 1 0 1 1 0 1 1 1 1 0 1 1 1 0 1 0 1 1 1 1 1 0 1 1 0 0 0 1 1 1 1 1 0 1 0 0 1 0 1 1 1 1 1 1 1 0 1 1 1 1 1 1 0 0 1 1 1 1 1 1 0 1 1 1 1 0 1 1 1 1 1 1 	256 256 256 256 256 256 256 253 256 256 0 256 256 256 256 256 256 256 256 256 256 256 256 256 256 256 256 256 256 253 256 256 253 256 256 256 256 253 256 256 256 255 256 253 256 256 256 256 256 255 256 256 0 255 254 256 256 256 256 256 253 256 87 0 256 253 256 256 256 256 256 256 256 253 256 256 256 256 256 256 253 253 256 256 256 256 256 256 255 256 256 256 256 0 256 256 256 256 256 256 
0 1 1 1 1 1 1 0 1 0 0 1 1 1 1 1 1 1 1 1 1 0 1 1 1 1 1 1 1 0 1 1 0 1 1 1 1 1 1 1 1 1 1 0 0 1 1 1 0 0 1 1 0 1 0 1 0 1 1 1 1 1 1 0 1 1 1 1 1 1 0 0 0 0 1 1 1 1 1 1 1 1 0 1 1 1 1 1 1 1 1 1 1 1 1 1 1 1 1 1 	253 256 256 256 256 256 256 253 256 253 253 256 256 256 256 256 256 256 256 256 256 255 256 256 256 256 256 256 256 253 256 256 253 256 256 256 256 256 256 256 256 256 256 253 255 256 256 256 255 254 256 256 233 256 253 256 255 256 256 256 256 256 256 254 256 256 256 256 256 256 254 253 255 253 256 256 256 256 256 256 256 256 0 256 256 256 256 256 256 256 256 256 256 256 256 256 256 256 256 256 
1 1 1 1 1 1 1 0 1 0 0 1 1 1 1 1 1 1 1 1 1 1 1 1 1 1 1 1 1 0 1 0 0 1 1 1 1 1 1 1 1 0 1 1 1 1 1 1 1 0 1 1 0 1 0 1 1 1 0 1 1 0 0 0 1 0 1 1 1 1 1 0 1 0 0 0 1 1 1 1 1 0 1 1 1 1 1 1 1 0 1 0 1 1 1 1 1 1 1 1 	256 256 256 256 256 256 256 253 256 253 178 256 256 256 256 256 256 256 256 256 256 256 256 256 256 256 256 256 256 254 256 255 253 256 256 256 256 256 256 256 256 254 256 256 256 256 256 256 256 255 256 256 253 256 253 256 256 256 0 256 256 255 254 215 256 253 256 256 256 256 256 0 256 253 0 253 256 256 256 256 256 253 256 256 256 256 256 256 256 253 256 255 256 256 256 256 256 256 256 256 
0 1 1 1 1 1 1 0 1 0 0 1 1 1 1 1 1 1 1 1 1 1 1 1 1 1 1 1 1 0 1 1 1 1 1 1 1 0 1 1 1 1 1 0 0 1 1 1 1 0 1 1 0 0 0 1 0 1 1 1 1 1 1 1 1 0 1 1 1 1 0 0 0 0 1 0 1 1 1 1 1 0 1 1 1 1 1 1 1 0 1 1 1 1 1 1 1 1 1 1 	253 256 256 256 256 256 256 253 256 253 254 256 256 256 256 256 256 256 256 256 256 256 256 256 256 256 256 256 256 253 256 256 256 256 256 256 256 253 256 256 256 256 256 253 255 256 256 256 256 254 256 256 156 0 0 256 255 256 256 256 256 256 256 256 256 253 256 256 256 256 253 0 0 253 256 254 256 256 256 256 256 253 256 256 256 256 256 256 256 253 256 256 256 256 256 256 256 256 256 256 
0 1 1 1 1 1 1 0 1 0 0 1 1 1 1 0 1 1 0 1 1 1 1 1 1 1 1 1 1 0 1 1 1 1 1 1 1 1 1 1 1 0 0 0 1 1 1 1 1 0 1 1 0 0 0 1 1 1 1 1 0 1 1 0 1 1 1 1 1 1 0 0 1 1 1 0 1 1 1 1 0 0 0 1 1 1 0 1 1 0 1 1 1 1 1 1 1 1 1 1 	235 256 256 256 256 256 256 253 256 128 138 256 256 256 256 255 256 256 255 256 256 256 256 256 256 256 256 256 256 253 256 256 256 256 256 256 256 256 256 256 256 253 254 254 256 256 256 256 256 253 256 256 253 253 253 256 256 256 256 256 253 256 256 253 256 256 256 256 256 256 0 0 256 256 256 0 256 256 256 256 254 0 255 256 256 256 255 256 256 255 256 256 256 256 256 256 256 256 256 256 
0 1 1 1 1 0 1 1 1 0 0 1 1 1 1 1 1 1 0 1 1 1 1 1 1 1 1 1 1 0 1 1 0 1 1 1 1 1 1 1 1 0 1 0 1 1 1 1 1 0 1 1 0 1 0 1 1 1 1 1 0 1 0 0 1 0 1 1 1 1 0 0 1 0 1 0 1 0 1 1 0 1 0 1 1 1 1 1 1 0 1 1 1 1 1 1 1 1 1 1 	206 256 256 256 256 255 256 256 256 253 253 256 256 256 256 256 256 256 255 256 256 256 256 256 256 256 256 256 256 254 256 256 253 256 256 256 256 256 256 256 256 253 256 253 256 256 256 256 256 155 256 256 253 256 254 256 256 256 256 256 0 256 0 189 256 253 256 256 256 256 253 0 256 253 256 254 256 255 256 256 170 256 255 256 256 256 256 256 256 254 256 256 256 256 256 256 256 256 256 256 
0 1 0 0 1 1 0 0 1 0 0 1 1 1 1 1 1 1 1 1 1 0 1 1 1 1 0 1 1 1 1 1 0 0 1 1 1 0 1 1 1 0 1 0 1 1 1 1 1 1 1 1 0 0 0 1 1 1 1 1 0 1 0 0 1 1 1 1 1 1 1 0 1 1 1 0 1 1 1 1 0 1 0 1 1 1 1 1 1 1 1 1 1 0 1 1 1 1 1 1 	0 256 147 255 256 256 255 185 256 0 254 256 256 256 256 256 256 256 256 256 256 255 256 256 256 256 255 256 256 256 256 256 254 253 256 256 256 253 256 256 256 255 256 253 256 256 256 256 256 256 256 256 0 253 253 256 256 256 256 256 0 256 255 253 256 256 256 256 256 256 256 254 256 256 256 0 256 256 256 256 0 256 255 256 256 256 256 256 256 256 256 256 256 253 256 256 256 256 256 256 
0 1 1 1 1 1 1 0 1 0 0 1 1 1 1 1 1 1 1 1 1 1 1 1 1 1 1 1 1 1 1 1 0 0 1 1 1 1 1 1 1 0 1 1 1 1 1 1 1 0 1 1 0 0 1 1 1 0 1 1 1 1 0 0 1 0 1 1 1 1 0 0 1 0 1 0 1 1 1 1 1 0 1 1 1 1 1 1 1 1 1 1 1 1 1 1 1 1 1 1 	0 256 256 256 256 256 256 253 256 253 102 256 256 256 256 256 256 256 256 256 256 256 256 256 256 256 256 256 256 256 256 256 254 255 256 256 256 256 256 256 256 254 256 256 256 256 256 256 256 255 256 256 253 0 256 256 256 255 256 256 256 256 253 253 256 253 256 256 256 256 253 253 256 253 256 0 256 256 256 256 256 253 256 256 256 256 256 256 256 256 256 256 256 256 256 256 256 256 256 256 
1 1 1 1 1 1 1 0 1 1 0 1 1 1 1 1 1 1 1 1 1 1 1 1 1 1 1 1 1 1 1 0 1 1 1 1 1 1 1 1 1 0 0 0 0 1 1 1 1 0 1 0 0 1 0 1 1 1 1 1 1 1 0 0 1 0 1 1 1 1 1 0 0 1 0 1 1 1 0 1 0 0 1 1 1 1 1 1 1 1 1 0 1 1 1 1 1 1 1 1 	256 256 256 256 256 256 256 55 256 256 0 256 256 256 256 256 256 256 256 256 256 256 256 256 256 256 256 256 256 256 256 255 256 256 256 256 256 256 256 256 256 0 123 253 255 256 256 256 256 253 256 255 253 256 255 256 256 256 256 256 256 256 253 253 256 253 256 256 256 256 256 253 255 256 255 256 256 256 253 256 253 253 256 256 256 256 256 256 256 256 256 255 256 256 256 256 256 256 256 256 
1 1 1 1 0 1 1 0 1 0 0 1 1 1 1 1 1 1 1 1 1 1 1 1 1 1 1 1 1 1 1 1 1 1 1 1 1 0 1 1 1 0 1 0 1 1 1 1 1 0 1 1 0 0 0 1 0 1 1 1 0 1 0 0 1 1 1 1 1 1 0 0 1 1 1 0 1 1 1 1 0 0 0 1 1 1 0 1 0 1 1 1 1 1 1 1 1 1 1 1 	256 256 256 256 255 256 256 253 256 253 253 256 256 256 256 256 256 256 256 256 256 256 256 256 256 256 256 256 256 256 256 256 256 256 256 256 256 254 256 256 256 254 256 255 256 256 256 256 256 253 256 256 255 254 0 256 0 256 256 256 253 256 255 0 256 256 256 256 256 256 253 253 256 256 256 253 256 256 256 256 0 0 255 256 256 256 255 256 255 256 256 256 256 256 256 256 256 256 256 256 
1 1 0 1 1 1 1 1 1 0 0 1 1 0 1 0 1 1 1 1 1 1 1 1 1 1 1 1 1 0 1 1 0 1 1 1 1 1 1 1 1 0 1 0 1 1 1 1 1 0 1 1 0 0 0 1 1 1 1 1 0 1 0 0 1 1 1 1 1 1 0 0 1 1 1 0 1 1 1 1 0 1 1 1 1 1 1 1 1 0 1 1 1 1 1 1 1 1 1 1 	256 256 255 256 256 256 256 256 256 253 253 256 256 255 256 255 256 256 256 256 256 256 256 256 256 256 256 256 256 253 256 256 253 256 256 256 256 256 256 256 256 253 256 253 256 256 256 256 256 254 256 256 253 253 254 256 256 256 256 256 0 256 253 0 256 256 256 256 256 256 0 0 256 256 256 33 256 256 256 256 253 256 256 256 256 256 256 256 256 0 256 256 256 256 256 256 256 256 256 256 
0 1 1 1 1 1 1 0 1 0 0 1 1 1 1 0 1 1 0 1 1 1 1 1 1 1 1 1 1 1 1 1 0 1 1 1 1 1 1 1 1 0 1 0 1 1 1 1 1 0 1 0 0 0 0 1 1 1 1 1 0 1 0 0 1 0 1 1 1 0 1 0 1 0 1 0 1 1 1 1 0 0 0 1 1 1 1 1 1 1 1 1 1 1 1 1 1 1 1 1 	254 256 256 256 256 256 256 41 256 253 253 256 256 256 256 255 256 256 0 256 256 256 256 256 256 256 256 256 256 256 256 256 253 256 256 256 256 256 256 256 256 253 256 253 256 256 256 256 256 253 256 255 115 254 121 256 256 256 256 256 0 256 253 254 256 253 256 256 256 255 256 253 256 253 256 254 256 256 256 256 0 253 255 256 256 256 256 256 256 256 256 256 256 256 256 256 256 256 256 256 
1 1 1 1 1 1 1 0 1 0 0 1 1 1 1 1 1 1 1 1 1 1 1 1 1 1 1 1 1 1 1 1 0 1 1 1 1 0 1 1 1 1 1 1 1 1 1 1 0 0 1 1 0 0 0 1 1 1 1 1 1 0 0 0 1 0 1 1 1 1 0 0 1 1 0 0 1 1 1 1 1 0 1 1 1 1 1 1 1 1 1 1 1 1 1 1 1 1 1 1 	256 256 256 256 256 256 256 253 256 253 253 256 256 256 256 256 256 256 256 256 256 256 256 256 256 256 256 256 256 256 256 256 253 256 256 256 256 255 256 256 256 256 256 256 256 256 256 256 255 253 256 256 253 0 253 256 256 256 256 256 256 255 253 253 256 254 256 256 256 256 0 253 256 256 255 254 256 256 256 256 256 254 256 256 256 256 256 256 256 256 256 256 256 256 256 256 256 256 256 256 
0 1 1 1 1 1 1 0 1 0 0 1 1 1 1 1 1 1 1 1 1 0 1 1 1 1 0 1 1 0 1 1 1 1 1 1 1 0 1 1 1 0 1 0 1 1 1 1 1 1 1 1 0 0 1 1 1 1 1 1 0 1 0 0 1 1 1 1 1 0 0 0 1 0 1 0 1 1 1 1 0 1 1 1 1 1 1 1 1 1 1 1 1 1 1 1 1 1 1 1 	0 256 256 256 256 256 256 0 256 60 234 256 256 256 256 256 256 256 256 256 256 0 256 256 256 256 255 256 256 0 256 256 256 256 256 256 256 0 256 256 256 0 256 253 256 256 256 256 256 256 256 256 255 254 256 256 256 256 256 256 0 256 254 254 256 256 256 256 256 253 253 253 256 253 256 254 256 256 256 256 0 256 256 256 256 256 256 256 256 256 256 256 256 256 256 256 256 256 256 256 
0 1 1 1 1 1 1 0 1 0 0 1 1 1 1 1 1 1 1 1 1 1 1 1 1 1 1 1 1 1 1 1 0 1 1 1 1 0 1 1 1 0 1 0 0 1 1 1 0 0 1 1 1 1 0 1 1 1 1 1 0 1 1 0 1 0 1 1 1 0 0 0 0 0 1 0 1 1 1 1 0 1 1 1 1 1 1 1 1 1 1 1 1 1 1 1 1 1 1 1 	253 256 256 256 256 256 256 0 256 253 253 256 256 256 256 256 256 256 256 256 256 256 256 256 256 256 256 256 256 256 256 256 253 256 256 256 256 0 256 256 256 254 256 253 255 256 256 256 255 253 256 256 256 256 0 256 256 256 256 256 253 256 256 157 256 253 256 256 256 253 253 253 255 253 256 254 256 256 256 256 253 256 256 256 256 256 256 256 256 256 256 256 256 256 256 256 256 256 256 256 
0 1 1 1 1 1 1 0 1 0 0 1 1 1 1 1 1 1 1 1 1 0 1 1 1 1 1 1 1 1 1 1 1 1 1 1 0 0 1 1 1 1 1 0 1 1 1 1 1 0 1 0 0 0 0 1 1 1 1 1 0 1 1 1 1 1 1 1 1 1 0 0 1 1 1 0 1 1 1 1 0 1 1 1 1 1 1 1 1 0 1 1 1 0 1 1 1 1 1 1 	253 256 256 256 256 256 256 253 256 253 253 256 256 256 256 256 256 256 256 256 256 255 256 256 256 256 256 256 256 256 256 256 256 256 256 256 255 254 256 256 256 256 256 253 256 256 256 256 256 254 256 255 0 254 0 256 256 256 256 256 254 256 256 256 256 256 256 256 256 256 253 0 256 256 256 253 256 256 256 256 254 256 256 256 256 256 256 256 256 253 256 256 256 0 256 256 256 256 256 256 
0 1 1 1 1 0 1 0 1 0 1 1 1 1 1 1 1 1 1 1 1 1 1 0 1 1 1 1 1 0 1 1 0 1 1 1 0 0 1 1 1 0 1 1 0 0 1 1 1 0 1 1 0 0 0 1 1 1 1 1 0 1 0 1 1 1 1 1 1 1 0 0 0 1 1 0 1 0 1 1 0 0 1 1 1 1 1 1 1 1 1 1 1 1 1 1 1 1 1 1 	0 256 256 256 256 255 256 253 256 254 256 256 256 256 256 256 256 256 256 256 256 256 256 255 256 256 256 256 256 253 256 256 254 256 256 256 255 253 256 256 256 254 256 256 255 255 256 256 256 253 256 256 0 253 253 256 256 256 256 256 0 256 150 256 256 256 256 256 256 256 177 253 255 256 256 253 256 255 256 256 253 0 256 256 256 256 256 256 256 256 256 256 256 256 256 256 256 256 256 256 
0 1 1 1 1 1 1 0 1 0 0 1 1 1 1 1 1 1 1 1 1 0 1 1 1 1 1 1 1 0 1 1 1 1 1 1 1 0 1 1 1 1 1 1 0 1 1 1 1 0 1 1 0 0 0 1 1 1 0 1 0 0 1 0 1 1 1 1 1 1 0 0 0 0 1 0 1 1 0 1 0 1 1 1 1 1 0 1 1 0 1 1 1 1 1 1 1 1 1 1 	253 256 256 256 256 256 256 11 256 28 13 256 256 256 256 256 256 256 256 256 256 255 256 256 256 256 256 256 256 253 256 256 256 256 256 256 256 19 256 256 256 256 256 256 255 256 256 256 256 253 256 256 254 254 185 256 256 256 0 256 253 255 256 253 256 256 256 256 256 256 189 0 255 40 256 254 256 256 253 256 249 256 256 256 256 256 255 256 256 255 256 256 256 256 256 256 256 256 256 256 
1 1 1 1 1 1 1 0 1 0 1 1 1 1 1 1 1 1 0 1 1 1 0 1 1 1 1 1 1 1 1 1 1 1 1 1 1 0 1 1 1 1 1 0 1 1 1 1 0 0 1 0 0 0 0 1 1 1 0 1 1 1 0 0 1 0 1 1 1 1 1 0 1 0 0 0 1 1 0 1 0 0 1 1 1 1 1 1 1 0 1 0 1 0 1 1 1 1 1 1 	256 256 256 256 256 256 256 253 256 253 256 256 256 256 256 256 256 256 255 256 256 256 255 256 256 256 256 256 256 256 256 256 256 256 256 256 256 253 256 256 256 256 256 253 256 256 256 256 253 253 256 255 0 253 253 256 256 256 255 256 256 256 253 253 256 253 256 256 256 256 256 0 256 0 255 253 256 256 56 256 253 253 256 256 256 256 256 256 256 133 256 255 256 255 256 256 256 256 256 256 
1 1 1 1 1 1 1 0 1 1 0 1 0 1 1 1 1 1 1 1 1 1 1 1 1 1 1 1 1 0 1 1 0 1 1 1 1 1 1 1 1 0 0 0 1 1 1 1 0 0 1 1 0 0 0 1 1 1 1 1 1 1 1 1 1 0 1 1 1 1 0 0 1 1 0 1 1 1 1 1 0 0 1 1 1 1 1 1 0 0 1 1 1 1 1 1 1 1 1 1 	256 256 256 256 256 256 256 253 256 256 0 256 255 256 256 256 256 256 256 256 256 256 256 256 256 256 256 256 256 253 256 256 253 256 256 256 256 256 256 256 256 253 255 253 256 256 256 256 0 254 256 256 253 253 0 256 256 256 256 256 256 256 256 256 256 255 256 256 256 256 0 0 256 256 255 256 256 256 256 256 253 15 256 256 256 256 256 256 255 0 256 256 256 256 256 256 256 256 256 256 
0 1 1 1 1 1 1 0 1 0 1 1 1 1 1 1 1 1 0 1 1 1 1 1 1 1 1 1 1 0 1 1 1 0 1 1 1 0 1 1 1 1 1 1 1 1 1 1 1 0 1 1 0 1 0 1 1 1 1 1 0 1 0 0 1 0 1 1 1 1 1 0 1 0 1 0 1 1 0 1 1 0 1 1 1 1 1 1 1 1 1 1 1 1 1 1 1 1 1 1 	253 256 256 256 256 256 256 253 256 108 256 256 256 256 256 256 256 256 255 256 256 256 256 256 256 256 256 256 256 253 256 256 256 255 256 256 256 157 256 256 256 256 256 256 256 256 256 256 256 253 256 256 242 256 79 256 256 256 256 256 253 256 0 254 256 108 256 256 256 256 256 253 256 0 256 0 256 256 224 256 256 253 256 256 256 256 256 256 256 256 256 256 256 256 256 256 256 256 256 256 
1 1 1 1 1 1 1 0 1 1 1 1 1 1 1 1 1 1 1 1 1 1 1 1 0 1 1 1 1 0 1 1 0 1 1 1 1 0 1 1 1 0 1 1 0 1 1 1 1 0 1 1 0 0 0 1 1 1 1 1 0 1 0 0 1 0 1 1 1 1 0 0 0 1 1 1 1 1 1 1 0 0 1 1 1 1 1 1 1 0 1 1 1 1 1 1 1 1 1 1 	256 256 256 256 256 256 256 254 256 256 256 256 256 256 256 256 256 256 256 256 256 256 256 256 255 256 256 256 256 253 256 256 0 256 256 256 256 253 256 256 256 254 256 256 255 256 256 256 256 254 256 256 9 67 253 256 256 256 256 256 0 256 253 0 256 92 256 256 256 256 253 0 255 256 256 256 256 256 256 256 253 0 256 256 256 256 256 256 256 0 256 256 256 256 256 256 256 256 256 256 
0 1 0 1 1 1 1 0 1 0 1 1 1 1 1 1 1 1 1 1 1 1 1 1 1 1 1 0 1 0 1 1 0 1 1 1 1 1 1 1 1 0 1 0 1 1 1 1 1 0 1 1 0 0 0 1 0 1 1 1 0 0 0 0 1 1 1 1 1 0 0 0 1 1 1 0 1 1 1 1 0 1 1 1 1 1 1 1 1 1 1 1 1 0 1 1 1 1 1 1 	0 256 255 256 256 256 256 106 256 0 256 256 256 256 256 256 256 256 256 256 256 256 256 256 256 256 256 255 256 253 256 256 253 256 256 256 256 256 256 256 256 253 256 0 256 256 256 256 256 254 256 256 0 253 253 256 255 256 256 256 253 255 253 55 256 256 256 256 256 253 253 253 256 256 256 253 256 256 256 256 253 256 256 256 256 256 256 256 256 256 256 256 256 255 256 256 256 256 256 256 
1 1 1 1 1 1 1 0 1 0 1 1 1 1 1 1 1 1 1 1 1 1 1 1 1 1 1 1 1 0 1 1 1 0 1 1 1 0 1 1 1 0 1 1 1 0 1 1 1 0 1 1 0 1 0 1 1 1 1 1 1 1 0 0 1 0 1 1 1 1 0 0 1 0 0 0 1 1 0 1 1 0 1 1 1 1 1 1 1 0 1 0 1 0 1 1 1 1 1 1 	256 256 256 256 256 256 256 0 256 76 256 256 256 256 256 256 256 256 256 256 256 256 256 256 256 256 256 256 256 253 256 256 256 255 256 256 256 117 256 256 256 0 256 256 256 255 256 256 256 254 256 256 0 256 253 256 256 256 256 256 256 256 0 254 256 253 256 256 256 256 253 0 256 253 255 0 256 256 253 256 256 253 256 256 256 256 256 256 256 253 256 255 256 0 256 256 256 256 256 256 
0 1 0 1 1 1 1 0 1 0 0 1 1 0 1 0 1 1 1 1 1 1 1 1 1 1 1 1 1 0 1 1 0 1 1 1 1 0 1 1 1 0 1 0 1 1 1 1 1 0 1 1 0 0 1 1 1 1 1 1 0 1 0 0 1 0 1 1 1 1 0 0 1 0 1 0 1 1 1 1 0 0 1 1 1 1 1 1 1 1 1 1 1 0 1 1 1 1 1 1 	0 256 255 256 256 256 256 0 256 253 253 256 256 255 256 255 256 256 256 256 256 256 256 256 256 256 256 256 256 254 256 256 253 256 256 256 256 255 256 256 256 176 256 30 256 256 256 256 256 94 256 256 0 254 256 256 256 256 256 256 254 256 253 253 256 253 256 256 256 256 181 73 256 255 256 254 256 256 256 256 254 253 256 256 256 256 256 256 256 256 256 256 256 253 256 256 256 256 256 256 
0 1 1 1 1 1 1 0 1 0 1 1 1 1 1 1 1 1 1 1 0 1 1 1 1 1 1 1 1 1 1 1 0 1 1 1 1 0 1 1 1 0 1 0 1 1 1 1 1 1 1 0 0 0 1 0 1 1 1 0 0 1 1 0 1 0 1 1 1 1 1 1 1 0 1 1 1 0 1 1 0 0 0 1 1 1 1 1 1 1 1 1 1 0 1 1 1 1 1 1 	0 256 256 256 256 256 256 253 256 253 256 256 256 256 256 256 256 256 256 256 255 256 256 256 256 256 256 256 256 256 256 256 253 256 256 256 256 253 256 256 256 253 256 254 256 256 256 256 256 256 256 255 0 117 256 255 256 256 256 255 253 256 256 253 256 131 256 256 256 256 256 256 256 0 256 256 256 255 256 256 0 253 255 256 256 256 256 256 256 256 256 256 256 253 256 256 256 256 256 256 
0 1 1 1 1 1 1 0 1 1 0 1 1 1 1 1 1 1 1 1 1 1 1 1 1 1 1 1 1 0 1 1 1 1 1 1 1 0 1 1 1 1 1 1 1 1 1 1 1 0 1 1 0 0 0 1 1 1 1 1 0 1 0 0 1 0 1 1 1 1 0 0 1 0 1 0 1 1 1 1 0 0 1 0 1 1 1 1 1 1 1 1 1 1 1 1 1 1 1 1 	253 256 256 256 256 256 256 0 256 256 253 256 256 256 256 256 256 256 256 256 256 256 256 256 256 256 256 256 256 253 256 256 256 256 256 256 256 253 256 256 256 256 256 256 256 256 256 256 256 254 256 256 253 253 253 256 256 256 256 256 0 256 253 254 256 253 256 256 256 256 253 79 256 253 256 73 256 256 256 256 254 46 256 255 256 256 256 256 256 256 256 256 256 256 256 256 256 256 256 256 
0 1 1 1 1 1 1 0 1 0 0 1 1 1 1 1 1 1 1 1 1 1 1 1 1 1 1 1 1 0 1 0 0 1 1 1 1 0 1 1 1 1 1 0 1 1 1 1 1 0 1 1 0 1 0 1 1 1 1 0 0 1 0 0 1 0 1 1 1 1 0 1 1 0 1 0 1 0 1 1 0 1 1 1 1 1 1 1 1 0 1 1 1 1 1 0 1 1 1 1 	253 256 256 256 256 256 256 0 256 255 191 256 256 256 256 256 256 256 256 256 256 256 256 256 256 256 256 256 256 253 256 255 253 256 256 256 256 253 256 256 256 256 256 253 256 256 256 256 256 253 256 256 79 256 177 256 256 256 256 255 33 256 253 253 256 208 256 256 256 256 253 256 256 253 256 255 256 255 256 256 0 256 256 256 256 256 256 256 256 0 256 256 256 256 256 255 256 256 256 256 
0 1 0 1 1 1 0 0 1 0 0 1 1 0 1 0 1 1 1 1 1 1 1 1 1 1 1 1 1 0 1 1 0 0 1 1 1 1 1 1 1 1 0 0 1 1 1 1 0 1 1 1 0 0 1 1 1 1 1 1 0 1 0 0 1 0 1 1 1 1 0 0 1 1 1 0 1 1 1 1 0 0 1 1 1 1 1 1 1 0 1 1 1 1 1 1 1 1 1 1 	253 256 255 256 256 256 255 0 256 61 253 256 256 0 256 255 256 256 256 256 256 256 256 256 256 256 256 256 256 0 256 256 253 253 256 256 256 256 256 256 256 256 0 0 256 256 256 256 255 256 256 256 253 253 256 256 256 256 256 256 253 256 253 201 256 253 256 256 256 256 0 0 256 256 256 0 256 256 256 256 165 153 256 256 256 256 256 256 256 0 256 256 256 256 256 256 256 256 256 256 
0 1 1 1 1 0 1 0 1 0 1 1 1 1 1 1 1 1 1 1 1 0 1 1 1 1 1 1 1 0 1 1 0 1 1 1 0 0 1 1 1 0 1 1 0 0 1 1 1 0 1 1 0 0 1 1 0 1 1 1 1 1 0 0 1 1 0 1 1 1 0 0 0 1 1 1 1 1 1 1 1 1 1 1 1 1 1 1 1 1 1 1 1 0 1 1 1 1 1 1 	253 256 256 256 256 255 256 253 256 253 256 256 256 256 256 256 256 256 256 256 256 255 256 256 256 256 256 256 256 0 256 256 0 256 256 256 9 253 256 256 256 254 256 256 255 255 256 256 256 253 256 256 0 0 256 256 255 256 256 256 256 256 253 253 256 256 0 256 256 256 253 254 255 256 256 256 256 256 256 256 256 256 256 256 256 256 256 256 256 256 256 256 256 253 256 256 256 256 256 256 
0 1 1 1 1 1 1 0 1 0 0 1 1 0 1 1 1 1 0 1 1 0 1 1 1 1 1 1 1 0 1 1 1 0 1 1 1 0 1 1 1 0 1 0 1 1 1 1 1 1 1 1 0 1 0 1 1 1 1 1 0 1 1 0 1 1 1 1 1 1 0 0 1 1 1 0 1 1 1 1 0 1 1 1 1 1 0 1 1 1 1 1 1 0 1 0 1 1 1 1 	253 256 256 256 256 256 256 0 256 0 253 256 256 255 256 256 256 256 0 256 256 255 256 256 256 256 256 256 256 253 256 256 256 255 256 256 256 253 256 256 256 221 256 253 256 256 256 256 256 256 256 256 0 256 254 256 256 256 256 256 253 256 256 253 256 256 256 256 256 256 254 184 256 256 256 0 256 256 256 256 253 256 256 256 256 256 255 256 256 256 256 256 256 0 256 0 256 256 256 256 
0 1 0 1 1 0 1 1 1 0 0 1 1 1 1 1 1 1 1 1 1 1 1 1 1 1 1 1 1 0 1 1 0 1 1 1 1 1 1 1 1 1 0 1 1 1 1 1 1 0 1 1 0 1 0 1 1 1 1 1 0 0 0 0 1 0 1 1 1 1 0 1 1 1 1 1 1 1 1 1 0 0 0 1 1 1 1 1 1 0 1 1 1 1 1 1 1 1 1 1 	253 256 255 256 256 255 256 256 256 0 253 256 256 256 256 256 256 256 256 256 256 256 256 256 256 256 256 256 256 253 256 256 37 256 256 256 256 256 256 256 256 256 255 256 256 256 256 256 256 254 256 256 253 256 253 256 256 256 256 256 0 255 253 254 256 0 256 256 256 256 0 256 256 256 256 256 256 256 256 256 0 253 255 256 256 256 256 256 256 0 256 256 256 256 256 256 256 256 256 256 
1 1 1 1 1 1 1 0 1 1 0 1 1 1 1 1 1 1 1 1 1 1 1 1 1 1 1 1 1 0 1 1 1 1 1 1 1 1 1 1 1 0 0 1 1 1 1 1 1 1 1 1 0 0 0 1 1 1 1 0 0 1 1 0 1 0 1 1 1 1 0 1 1 1 1 0 1 0 0 1 0 1 1 0 1 1 1 1 1 0 1 1 1 1 1 1 1 1 1 1 	256 256 256 256 256 256 256 0 256 256 191 256 256 256 256 256 256 256 256 256 256 256 256 256 256 256 256 256 256 253 256 256 256 256 256 256 256 256 256 256 256 0 179 256 256 256 256 256 256 256 256 256 192 254 0 256 256 256 256 255 0 256 256 0 256 147 256 256 256 256 0 256 256 256 256 254 256 255 253 256 253 256 256 255 256 256 256 256 256 0 256 256 256 256 256 256 256 256 256 256 
0 1 1 1 1 1 1 0 1 0 1 1 0 1 1 1 1 1 1 1 1 1 1 1 1 1 1 1 1 0 1 0 0 1 1 1 1 1 1 1 1 1 1 0 0 1 1 1 1 0 1 1 0 1 0 1 1 1 1 1 0 1 1 0 1 0 1 1 1 1 0 0 0 0 1 0 1 0 1 1 0 1 1 0 1 1 1 1 1 1 1 1 1 0 1 1 1 1 1 1 	253 256 256 256 256 256 256 0 256 253 256 256 255 256 256 256 256 256 256 256 256 256 256 256 256 256 256 256 256 253 256 255 254 256 256 256 256 256 256 256 256 256 256 253 255 256 256 256 256 253 256 256 0 256 253 256 256 256 256 256 253 256 256 253 256 253 256 256 256 256 253 90 255 0 256 0 256 255 256 256 253 256 256 255 256 256 256 256 256 256 256 256 256 253 256 256 256 256 256 256 
1 1 1 1 1 1 1 0 1 0 0 1 1 1 1 1 1 1 1 1 1 1 1 1 1 1 1 1 1 1 1 1 0 1 1 1 1 1 1 1 1 0 1 0 1 1 1 1 1 0 1 0 0 0 0 1 1 1 1 1 1 1 0 0 1 0 1 1 1 1 0 0 1 0 0 0 1 1 1 1 0 0 1 1 1 1 1 1 1 0 1 0 1 0 1 1 1 1 1 1 	256 256 256 256 256 256 256 0 256 253 253 256 256 256 256 256 256 256 256 256 256 256 256 256 256 256 256 256 256 256 256 256 0 256 256 256 256 256 256 256 256 16 256 185 256 256 256 256 256 253 256 255 0 253 253 256 256 256 256 256 256 256 253 253 256 253 256 256 256 256 254 0 256 254 255 253 256 256 256 256 174 253 256 256 256 256 256 256 256 255 256 255 256 253 256 256 256 256 256 256 
1 1 0 1 1 1 1 0 1 0 0 1 1 1 1 1 1 1 1 1 1 1 1 1 1 1 1 1 1 0 1 1 0 0 1 1 1 1 1 1 1 0 0 0 1 1 1 1 1 0 1 1 0 1 0 1 1 1 1 1 0 1 0 0 1 0 1 1 1 1 0 0 1 1 1 0 1 1 1 1 0 0 1 1 1 1 1 1 1 1 1 1 1 1 1 1 1 1 1 1 	256 256 255 256 256 256 256 253 256 0 253 256 256 256 256 256 256 256 256 256 256 256 256 256 256 256 256 256 256 253 256 256 253 255 256 256 256 256 256 256 256 253 253 253 256 256 256 256 256 253 256 256 253 256 253 256 256 256 256 256 253 256 0 0 256 0 256 256 256 256 0 211 256 256 256 0 256 256 256 256 253 253 256 256 256 256 256 256 256 256 256 256 256 256 256 256 256 256 256 256 
0 1 0 1 1 1 1 0 1 1 0 1 1 1 1 1 1 1 1 1 1 1 1 1 1 1 1 1 1 1 1 1 1 1 1 1 1 1 1 1 1 1 1 1 0 1 1 1 1 1 1 1 0 1 0 1 1 1 1 1 0 1 0 0 1 0 1 1 1 1 1 0 0 1 1 1 1 1 1 1 0 0 1 1 1 1 1 1 1 1 1 1 1 1 1 1 1 1 1 1 	253 256 255 256 256 256 256 117 256 256 0 256 256 256 256 256 256 256 256 256 256 256 256 256 256 256 256 256 256 256 256 256 256 256 256 256 256 256 256 256 256 256 256 256 255 256 256 256 256 256 256 256 163 256 206 256 256 256 256 256 253 256 0 227 256 253 256 256 256 256 256 0 255 256 256 256 256 256 256 256 253 253 256 256 256 256 256 256 256 256 256 256 256 256 256 256 256 256 256 256 
0 1 0 1 1 1 1 0 1 0 0 1 0 0 1 0 1 1 1 1 1 1 1 1 1 1 1 1 1 0 1 1 0 1 1 1 1 1 1 1 1 0 1 0 1 1 1 1 1 0 1 1 0 0 0 1 1 1 1 0 0 1 0 0 1 0 1 1 1 0 0 1 1 0 1 0 1 1 1 1 0 0 1 1 1 1 1 1 1 1 1 1 1 1 1 1 1 1 1 1 	20 256 255 256 256 256 256 253 256 253 253 256 255 255 256 255 256 256 256 256 256 256 256 256 256 256 256 256 256 253 256 256 253 256 256 256 256 256 256 256 256 253 256 253 256 256 256 256 256 254 256 256 156 254 254 256 256 256 256 255 254 256 93 253 256 253 256 256 256 0 253 256 256 19 256 254 256 256 256 256 254 253 256 256 256 256 256 256 256 256 256 256 256 256 256 256 256 256 256 256 
0 1 1 1 1 0 1 1 1 0 1 1 1 1 1 1 1 1 0 1 1 1 1 1 1 0 1 1 1 0 1 1 1 1 1 1 0 1 1 1 1 0 0 0 1 1 1 1 1 0 1 1 0 0 0 1 1 1 1 0 0 1 0 0 1 1 1 1 1 0 0 0 1 1 1 0 1 1 0 1 0 0 0 1 1 1 1 1 1 1 1 1 1 0 1 1 1 1 1 1 	0 256 256 256 256 255 256 256 256 254 256 256 256 256 256 256 256 256 255 256 256 256 256 256 256 242 256 256 256 253 256 256 256 256 256 256 0 256 256 256 256 0 255 0 256 256 256 256 256 254 256 256 0 218 253 256 256 256 256 255 0 256 253 253 256 256 256 256 256 255 0 253 256 256 256 253 256 256 0 256 253 0 248 256 256 256 256 256 256 256 256 256 256 0 256 256 256 256 256 256 
0 1 1 1 1 1 1 1 1 1 1 1 1 1 1 1 1 1 1 1 1 1 1 0 1 1 1 1 1 0 1 1 0 0 1 1 1 1 1 1 1 0 1 0 1 1 1 1 1 0 1 1 0 1 0 1 1 1 1 1 0 0 1 0 1 0 1 1 1 1 0 1 1 0 1 0 1 1 1 1 0 0 1 0 1 1 1 1 1 1 1 1 1 1 1 1 1 1 1 1 	253 256 256 256 256 256 256 256 256 256 256 256 256 256 256 256 256 256 256 256 256 256 256 255 256 256 256 256 256 253 256 256 253 255 256 256 256 256 256 256 256 253 256 253 256 256 256 256 256 253 256 256 253 256 0 256 256 256 256 256 254 255 256 253 256 253 256 256 256 256 253 256 256 55 256 0 256 256 256 256 254 253 256 255 256 256 256 256 256 256 256 256 256 256 256 256 256 256 256 256 
0 1 1 1 1 1 0 0 1 0 0 1 1 1 1 1 1 1 1 1 1 1 1 0 1 1 1 0 1 0 1 1 1 1 1 1 1 0 1 1 1 0 1 0 1 1 1 0 1 0 1 1 0 0 1 1 1 1 1 1 0 1 1 0 1 0 1 1 1 1 0 0 1 0 1 0 1 1 1 1 0 0 0 1 1 1 1 1 1 1 1 1 1 1 1 1 1 1 1 1 	253 256 256 256 256 256 255 253 256 63 34 256 256 256 256 256 256 256 256 256 256 256 256 255 256 256 256 190 256 0 256 256 256 256 256 256 256 253 256 256 256 0 256 0 256 256 256 102 256 0 256 256 253 253 256 256 256 256 256 256 253 256 256 253 256 0 256 256 256 256 253 254 256 235 256 77 256 256 256 256 253 253 82 256 256 256 256 256 256 256 256 256 256 256 256 256 256 256 256 256 
1 1 1 1 1 1 1 0 1 1 1 1 1 0 1 0 1 1 1 1 1 1 1 1 1 1 1 1 1 0 1 1 0 1 1 1 1 0 1 1 1 0 1 0 1 1 1 1 0 1 1 1 0 0 0 1 0 1 1 1 1 1 0 0 1 0 1 1 1 1 0 0 1 1 0 1 1 1 1 1 0 0 1 1 1 1 1 1 1 1 1 0 1 0 1 1 1 1 1 1 	256 256 256 256 256 256 256 253 256 256 256 256 256 255 256 0 256 256 256 256 256 256 256 256 256 256 256 256 256 254 256 256 0 256 256 256 256 255 256 256 256 255 256 254 256 256 256 256 255 256 256 256 0 124 253 256 255 256 256 256 256 256 253 253 256 139 256 256 256 256 0 254 256 256 255 256 256 256 256 256 254 253 256 256 256 256 256 256 256 256 256 255 256 253 256 256 256 256 256 256 
0 1 1 1 1 1 1 1 1 1 1 1 1 1 1 1 1 1 1 1 1 1 1 1 1 1 1 1 1 0 1 1 1 1 1 1 1 0 1 1 1 0 1 0 1 1 1 1 1 0 1 1 0 0 1 1 1 1 1 1 0 1 1 0 1 0 0 1 1 1 0 1 1 0 1 1 1 1 0 1 0 1 1 1 1 1 0 1 1 1 1 1 1 0 1 1 1 1 1 1 	254 256 256 256 256 256 256 256 256 256 256 256 256 256 256 256 256 256 256 256 256 256 256 256 256 256 256 256 256 0 256 256 256 256 256 256 256 0 256 256 256 0 256 254 256 256 256 256 256 255 256 256 0 253 256 256 256 256 256 256 254 256 256 253 256 253 254 256 256 256 234 256 256 0 256 256 256 256 255 256 253 256 256 256 256 256 255 256 256 256 256 256 256 253 256 256 256 256 256 256 
0 1 1 1 1 1 1 0 1 0 0 1 1 1 1 1 1 1 1 1 1 1 1 1 1 1 1 0 1 1 1 1 1 1 1 1 1 0 1 1 1 1 1 0 0 1 1 1 1 0 1 0 0 1 1 1 1 1 1 1 1 1 1 0 1 0 1 1 1 1 0 0 0 0 1 1 1 1 1 1 1 0 0 1 1 1 1 1 1 1 1 1 0 1 1 1 1 1 1 1 	0 256 256 256 256 256 256 253 256 247 253 256 256 256 256 256 256 256 256 256 256 256 256 256 256 256 256 254 256 256 256 256 256 256 256 256 256 253 256 256 256 256 256 253 255 256 256 256 256 0 256 255 253 256 256 256 256 256 256 256 256 256 256 253 256 0 256 256 256 256 99 254 0 253 256 256 256 256 256 256 256 253 255 256 256 256 256 256 256 256 256 256 255 256 256 256 256 256 256 256 
0 1 0 1 1 1 1 0 1 0 1 1 1 1 1 1 1 1 1 1 1 1 1 0 1 0 1 1 1 0 1 1 0 1 1 1 1 1 1 1 1 0 1 1 1 1 1 1 1 1 1 1 0 0 0 1 1 1 1 0 0 1 0 0 1 0 1 1 1 1 1 1 1 1 1 0 1 0 1 1 0 0 0 1 1 1 1 1 1 1 1 1 1 0 1 1 1 1 1 1 	253 256 101 256 256 256 256 253 256 0 256 256 256 256 256 256 256 256 256 256 256 256 256 255 256 255 256 256 256 253 256 256 25 256 256 256 256 256 256 256 256 12 256 256 256 256 256 256 256 256 256 256 0 254 253 256 256 256 256 255 0 256 253 253 256 37 256 256 256 256 256 256 256 256 256 254 256 255 256 256 253 253 255 256 256 256 256 256 256 256 256 256 256 253 256 256 256 256 256 256 
0 1 1 1 1 0 0 0 1 1 0 1 1 1 1 1 1 1 1 1 1 1 1 1 1 1 1 1 1 0 1 1 0 1 1 1 1 1 1 1 1 0 1 1 1 1 1 1 1 0 1 1 0 0 1 1 1 1 1 1 0 1 0 1 1 0 1 1 1 1 0 0 1 0 1 1 1 0 1 1 0 0 1 1 1 1 1 1 1 1 1 1 1 1 1 1 0 1 1 1 	209 256 256 256 256 255 0 253 256 256 0 256 256 256 256 256 256 256 256 256 256 256 256 256 256 256 256 256 256 253 256 256 0 256 256 256 256 256 256 256 256 253 256 256 256 256 256 256 256 173 256 256 0 253 256 256 256 256 256 256 253 256 253 256 256 0 256 256 256 256 231 254 256 113 256 256 256 0 256 256 0 253 256 256 256 256 256 256 256 256 256 256 256 256 256 256 255 256 256 256 
0 1 1 1 1 1 1 0 1 0 0 1 1 1 1 1 1 1 0 1 1 1 1 1 1 1 1 0 1 1 1 1 0 1 1 1 1 0 1 1 1 0 1 0 0 1 1 0 1 0 1 1 0 0 0 1 1 1 1 1 0 1 0 1 1 0 1 1 1 1 1 0 0 0 1 0 1 1 1 1 0 0 1 1 1 1 1 1 1 1 1 1 1 1 1 1 1 1 1 1 	253 256 256 256 256 256 256 0 256 253 253 256 256 256 256 256 256 256 255 256 256 256 256 256 256 256 256 255 256 256 256 256 253 256 256 256 256 253 256 256 256 253 256 253 0 256 256 0 256 0 256 256 253 254 253 256 256 256 256 256 253 256 253 256 256 254 256 256 256 256 256 253 255 254 256 254 256 256 256 256 163 254 256 256 256 256 256 256 256 256 256 256 256 256 256 256 256 256 256 256 
