il numero dei nodi e':100
le condizioni iniziali sono:100
0 1 1 1 1 1 1 0 1 0 0 1 1 1 1 1 1 1 1 1 1 1 1 1 1 1 1 1 1 0 1 1 0 1 1 1 1 0 1 1 1 0 1 0 1 1 1 1 1 0 1 1 0 0 0 1 1 1 1 1 0 1 0 0 1 0 1 1 1 1 0 0 1 0 1 0 1 1 1 1 0 0 1 1 1 1 1 1 1 1 1 1 1 1 1 1 1 1 1 1 	0 256 256 256 256 256 256 253 256 254 253 256 256 256 256 256 256 256 256 256 256 256 256 256 256 256 256 256 256 254 256 256 9 256 256 256 256 253 256 256 256 254 256 253 256 256 256 256 256 47 256 256 183 95 253 256 256 256 256 256 0 256 253 253 256 253 256 256 256 256 253 254 256 253 256 253 256 256 256 256 253 253 256 256 256 256 256 256 256 256 256 256 256 256 256 256 256 256 256 256 
1 1 1 1 1 1 1 0 1 1 0 1 1 1 1 1 1 1 1 1 1 1 1 1 1 1 1 1 1 0 1 1 0 1 1 1 1 1 1 1 1 0 1 0 1 1 1 1 1 0 1 1 0 0 0 1 1 1 1 1 1 1 1 0 1 0 1 1 1 1 0 0 1 0 1 1 1 1 1 1 1 0 1 1 1 1 1 1 1 1 0 1 1 0 1 1 1 1 1 1 	256 256 256 256 256 256 256 253 256 256 0 256 256 256 256 256 256 256 256 256 256 256 256 256 256 256 256 256 256 253 256 256 253 256 256 256 256 256 256 256 256 108 256 254 256 256 256 256 256 253 256 256 0 0 0 256 256 256 256 256 256 256 256 0 256 253 256 256 256 256 253 253 256 253 256 256 256 256 256 256 256 253 256 256 256 256 256 256 256 256 0 256 256 64 256 256 256 256 256 256 
0 1 1 1 1 1 1 0 1 0 0 1 1 1 1 1 1 1 1 1 1 1 1 1 1 1 1 1 1 0 1 1 0 1 1 1 1 1 1 1 1 0 0 0 1 1 1 1 1 0 1 1 0 0 0 1 1 1 1 1 0 1 0 0 1 0 1 1 1 1 0 0 1 1 1 0 1 1 1 1 0 0 1 1 1 1 1 1 1 1 1 1 1 1 1 1 1 1 1 1 	253 256 256 256 256 256 256 253 256 254 253 256 256 256 256 256 256 256 256 256 256 256 256 256 256 256 256 256 256 253 256 256 254 256 256 256 256 256 256 256 256 254 254 253 256 256 256 256 256 254 256 256 253 253 253 256 256 256 256 256 253 256 253 139 256 254 256 256 256 256 0 253 256 256 256 204 256 256 256 256 253 254 256 256 256 256 256 256 256 256 256 256 256 256 256 256 256 256 256 256 
0 1 1 1 1 1 1 0 1 0 0 1 1 1 1 1 1 1 1 1 1 1 1 1 1 1 1 1 1 0 1 1 0 1 1 1 1 1 1 1 1 0 0 0 1 1 1 1 1 0 1 1 0 0 0 1 1 1 1 1 0 1 0 0 1 0 1 1 1 1 0 0 1 1 1 0 1 1 1 1 0 0 1 1 1 1 1 1 1 1 1 1 1 1 1 1 1 1 1 1 	0 256 256 256 256 256 256 253 256 172 82 256 256 256 256 256 256 256 256 256 256 256 256 256 256 256 256 256 256 253 256 256 253 256 256 256 256 256 256 256 256 253 0 253 256 256 256 256 256 254 256 256 253 253 253 256 256 256 256 256 253 256 253 253 256 253 256 256 256 256 0 253 256 256 256 255 256 256 256 256 253 253 256 256 256 256 256 256 256 256 256 256 256 256 256 256 256 256 256 256 
1 1 1 1 1 0 0 1 1 0 0 1 1 1 1 1 1 1 1 1 1 1 1 1 1 0 1 1 1 0 1 1 1 1 1 1 1 1 1 1 1 0 1 0 1 1 1 1 1 0 1 1 0 0 0 1 1 1 1 1 0 1 0 0 1 0 1 1 1 1 0 0 1 0 1 0 1 1 0 1 0 0 0 1 1 1 1 1 1 1 1 1 1 0 1 1 1 1 1 1 	256 256 256 256 256 253 0 256 256 187 253 256 256 256 256 256 256 256 256 256 256 256 256 256 256 0 256 256 256 253 256 256 256 256 256 256 256 256 256 256 256 0 256 253 256 256 256 256 256 135 256 256 0 253 253 256 256 256 256 256 253 256 253 0 256 254 256 256 256 256 253 95 256 253 256 253 256 256 0 256 253 254 253 256 256 256 256 256 256 256 256 256 256 253 256 256 256 256 256 256 
0 1 1 1 1 1 1 0 1 1 0 1 1 1 1 1 1 1 1 1 1 1 1 1 1 1 1 1 1 0 1 1 0 1 1 1 1 0 1 1 1 0 1 0 1 1 1 1 1 0 1 1 0 0 0 1 1 1 1 1 0 1 0 0 1 0 1 1 1 1 0 0 1 0 1 1 1 1 1 1 0 0 1 1 1 1 1 1 1 1 1 1 1 1 1 1 1 1 1 1 	253 256 256 256 256 256 256 54 256 256 0 256 256 256 256 256 256 256 256 256 256 256 256 256 256 256 256 256 256 253 256 256 253 256 256 256 256 174 256 256 256 253 256 253 256 256 256 256 256 253 256 256 37 253 198 256 256 256 256 256 253 256 253 253 256 254 256 256 256 256 74 235 256 151 256 256 256 256 256 256 253 254 256 256 256 256 256 256 256 256 256 256 256 256 256 256 256 256 256 256 
0 1 1 1 1 1 1 0 1 0 0 1 1 1 1 1 1 1 1 1 1 1 1 1 1 1 1 1 1 0 1 1 0 0 1 1 1 0 1 1 1 0 1 0 1 1 1 1 1 0 1 1 0 0 0 1 1 1 1 1 0 1 0 0 1 0 1 1 1 0 0 0 1 0 1 0 1 1 1 1 0 0 1 1 1 1 1 1 1 1 1 1 1 1 1 1 1 1 1 1 	0 256 256 256 256 256 256 142 256 115 253 256 256 256 256 256 256 256 256 256 256 256 256 256 256 256 256 256 256 253 256 256 139 236 256 256 256 0 256 256 256 253 256 253 256 256 256 256 256 253 256 256 253 253 253 256 256 256 256 256 215 256 253 255 256 97 256 256 256 253 253 253 256 253 256 0 256 256 256 256 253 253 256 256 256 256 256 256 256 256 256 256 256 256 256 256 256 256 256 256 
0 1 1 1 1 1 1 0 1 1 0 1 1 1 1 1 1 1 1 1 1 1 1 1 1 1 1 1 1 0 1 1 0 1 1 1 1 0 1 1 1 0 1 0 1 1 1 1 1 0 1 1 0 0 1 1 1 1 1 1 0 1 0 0 1 0 0 1 1 1 0 0 1 0 1 1 1 1 1 1 0 0 1 1 1 1 1 1 1 1 1 1 1 0 1 1 1 1 1 1 	155 256 256 256 256 256 256 253 256 256 0 256 256 256 256 256 256 256 256 256 256 256 256 256 256 256 256 256 256 0 256 256 254 256 256 256 256 253 256 256 256 254 256 253 256 256 256 256 256 253 256 256 0 254 256 256 256 256 256 256 254 256 253 4 256 253 148 256 256 256 253 88 256 253 256 256 256 256 256 256 254 253 256 256 256 256 256 256 256 256 256 256 256 170 256 256 256 256 256 256 
0 1 0 1 1 1 1 0 1 0 0 1 1 1 1 1 1 1 1 1 1 1 1 1 1 1 1 1 1 0 1 1 0 1 1 1 1 0 1 1 1 0 1 0 1 1 1 1 1 0 1 1 0 1 0 1 1 1 1 1 0 1 0 0 1 0 1 1 1 1 0 0 1 1 1 0 1 1 1 1 0 0 1 1 1 1 1 1 1 0 1 1 1 1 1 1 1 1 1 1 	253 256 169 256 256 256 256 254 256 0 253 256 256 256 256 256 256 256 256 256 256 256 256 256 256 256 256 256 256 253 256 256 253 256 256 256 256 254 256 256 256 253 256 253 256 256 256 256 256 254 256 256 253 256 254 256 256 256 256 256 253 256 0 254 256 253 256 256 256 256 253 0 256 256 256 253 256 256 256 256 253 253 256 256 256 256 256 256 256 49 256 256 256 256 256 256 256 256 256 256 
0 1 1 1 1 1 1 0 1 0 0 1 1 1 1 1 1 1 1 1 1 1 1 1 1 1 1 1 1 0 1 1 0 1 1 1 1 1 1 1 1 0 0 0 1 1 1 1 1 0 1 1 0 0 0 1 1 1 1 1 0 1 0 0 1 0 1 1 1 1 0 0 1 1 1 0 1 1 1 1 0 0 1 1 1 1 1 1 1 1 1 1 1 1 1 1 1 1 1 1 	253 256 256 256 256 256 256 253 256 253 253 256 256 256 256 256 256 256 256 256 256 256 256 256 256 256 256 256 256 253 256 256 254 256 256 256 256 256 256 256 256 254 0 0 256 256 256 256 256 254 256 256 253 253 100 256 256 256 256 256 253 256 253 253 256 236 256 256 256 256 0 253 256 256 256 253 256 256 256 256 253 253 256 256 256 256 256 256 256 256 256 256 256 256 256 256 256 256 256 256 
0 1 1 1 1 1 1 0 1 0 0 1 1 1 1 1 1 1 1 1 1 1 1 1 1 1 1 1 1 0 1 1 0 1 1 1 1 0 1 1 1 0 1 0 1 1 1 1 1 0 1 1 0 0 0 1 1 1 1 1 0 1 1 0 1 0 1 1 1 1 0 0 1 0 1 0 1 1 1 1 0 0 1 1 1 1 1 1 1 1 1 1 1 1 1 1 1 1 1 1 	0 256 256 256 256 256 256 253 256 254 253 256 256 256 256 256 256 256 256 256 256 256 256 256 256 256 256 256 256 254 256 256 253 256 256 256 256 253 256 256 256 253 256 253 256 256 256 256 256 253 256 256 253 139 0 256 256 256 256 256 235 256 256 253 256 253 256 256 256 256 254 254 256 253 256 253 256 256 256 256 253 253 256 256 256 256 256 256 256 256 256 256 256 256 256 256 256 256 256 256 
1 1 1 1 1 1 1 0 1 0 0 1 1 1 1 1 1 1 1 1 1 1 1 1 1 1 1 1 1 0 1 1 0 1 1 1 1 0 1 1 1 0 1 0 1 1 1 1 1 0 1 1 0 0 0 1 1 1 1 1 0 1 0 0 1 0 1 1 1 1 0 0 1 0 1 0 1 1 1 1 0 0 1 1 1 1 1 1 1 1 1 1 1 1 1 1 1 1 1 1 	256 256 256 256 256 256 256 254 256 253 253 256 256 256 256 256 256 256 256 256 256 256 256 256 256 256 256 256 256 253 256 256 253 256 256 256 256 254 256 256 256 253 256 253 256 256 256 256 256 212 256 256 253 253 253 256 256 256 256 256 253 256 253 0 256 253 256 256 256 256 253 254 256 253 256 253 256 256 256 256 253 253 256 256 256 256 256 256 256 256 256 256 256 256 256 256 256 256 256 256 
0 1 1 1 1 1 1 0 1 0 0 1 1 1 1 1 1 1 0 1 1 1 1 1 1 1 1 0 1 0 1 1 0 1 1 1 1 0 1 1 1 0 1 0 1 1 1 0 0 0 1 1 0 0 0 1 1 1 1 1 0 1 1 0 1 0 1 1 1 1 1 0 1 0 1 0 1 1 1 1 0 0 1 1 1 1 1 1 1 0 1 1 1 1 1 1 1 1 1 1 	63 256 256 256 256 256 256 253 256 254 253 256 256 256 256 256 256 256 151 256 256 256 256 256 256 256 256 52 256 192 256 256 254 256 256 256 256 253 256 256 256 254 256 253 256 256 256 0 50 0 256 256 253 253 0 256 256 256 256 256 0 256 256 253 256 157 256 256 256 256 256 0 256 253 256 253 256 256 256 256 0 253 256 256 256 256 256 256 256 0 256 256 256 256 256 256 256 256 256 256 
0 1 1 1 1 1 1 0 1 1 0 1 1 1 1 1 1 1 1 1 1 1 1 1 1 1 1 1 1 0 1 1 0 1 1 1 1 0 1 1 1 0 1 0 1 1 1 1 1 0 1 1 0 0 0 1 1 1 1 1 0 1 0 0 1 0 1 1 1 0 0 0 1 0 1 1 1 1 1 1 0 0 1 1 1 1 1 1 1 1 1 1 1 0 1 1 1 1 1 1 	253 256 256 256 256 256 256 253 256 256 0 256 256 256 256 256 256 256 256 256 256 256 256 256 256 256 256 256 256 253 256 256 173 256 256 256 256 0 256 256 256 253 256 254 256 256 256 256 256 254 256 256 0 253 253 256 256 256 256 256 253 256 253 253 256 254 256 256 256 253 253 106 256 253 256 256 256 256 256 256 253 254 256 256 256 256 256 256 256 256 256 256 256 253 256 256 256 256 256 256 
0 1 1 1 1 1 1 0 1 1 0 1 1 1 1 1 1 1 1 1 1 1 1 1 1 1 1 1 1 0 1 1 0 1 1 1 1 1 1 1 1 0 0 0 1 1 1 1 1 1 1 1 0 1 0 1 1 1 1 1 0 1 0 0 1 0 1 1 1 1 0 0 1 1 1 0 1 1 1 1 0 0 1 0 1 1 1 1 1 1 1 1 1 1 1 1 1 1 1 1 	253 256 256 256 256 256 256 0 256 256 253 256 256 256 256 256 256 256 256 256 256 256 256 256 256 256 256 256 256 253 256 256 253 256 256 256 256 256 256 256 256 253 253 254 256 256 256 256 256 256 256 256 253 256 253 256 256 256 256 256 119 256 0 254 256 253 256 256 256 256 0 253 256 256 256 254 256 256 256 256 254 253 256 0 256 256 256 256 256 256 256 256 256 256 256 256 256 256 256 256 
0 1 1 1 1 1 1 0 1 0 0 1 1 1 1 1 1 1 1 1 1 1 1 1 1 1 1 0 1 0 1 1 1 1 1 1 1 1 1 1 1 1 0 0 1 1 1 1 1 0 1 1 0 0 0 1 1 1 1 1 0 1 0 0 1 0 1 1 1 1 0 0 1 1 1 0 1 1 1 1 0 0 1 1 1 1 1 1 1 0 1 1 1 0 1 1 1 1 1 1 	169 256 256 256 256 256 256 254 256 253 253 256 256 256 256 256 256 256 256 256 256 256 256 256 256 256 256 0 256 253 256 256 256 256 256 256 256 256 256 256 256 256 253 253 256 256 256 256 256 0 256 256 0 254 15 256 256 256 256 256 254 256 245 253 256 0 256 256 256 256 0 0 256 256 256 254 256 256 256 256 254 253 256 256 256 256 256 256 256 253 256 256 256 254 256 256 256 256 256 256 
0 1 1 1 1 1 1 0 1 1 0 1 1 1 1 1 1 1 0 1 1 1 1 1 1 1 1 0 1 0 1 1 0 1 1 1 1 0 1 1 1 0 1 0 0 1 1 0 1 0 1 1 0 0 0 1 1 1 1 1 1 1 0 0 1 0 1 1 1 1 0 0 0 0 1 1 1 1 1 1 1 0 1 1 1 1 1 1 1 0 1 1 1 1 1 1 1 1 1 1 	253 256 256 256 256 256 256 253 256 256 0 256 256 256 256 256 256 256 253 256 256 256 256 256 256 256 256 254 256 253 256 256 253 256 256 256 256 253 256 256 256 253 256 253 0 256 256 253 256 0 256 256 253 0 254 256 256 256 256 256 256 256 253 253 256 163 256 256 256 256 253 0 0 51 256 256 256 256 256 256 256 253 256 256 256 256 256 256 256 11 256 256 256 256 256 256 256 256 256 256 
0 1 1 1 1 1 1 0 1 0 0 1 1 1 1 1 1 1 1 1 1 1 1 1 1 1 1 1 1 0 1 1 1 1 1 1 1 1 1 1 1 0 0 0 1 1 1 1 1 0 1 1 0 0 1 1 1 1 1 1 0 1 0 0 1 0 1 1 1 1 0 0 1 1 1 0 1 1 0 1 0 0 0 1 1 1 1 1 1 1 1 1 1 1 1 1 1 1 1 1 	253 256 256 256 256 256 256 253 256 253 253 256 256 256 256 256 256 256 256 256 256 256 256 256 256 256 256 256 256 0 256 256 256 256 256 256 256 256 256 256 256 0 253 253 256 256 256 256 256 254 256 256 253 253 256 256 256 256 256 256 253 256 35 253 256 139 256 256 256 256 0 254 256 256 256 253 256 256 0 256 253 253 253 256 256 256 256 256 256 256 256 256 256 256 256 256 256 256 256 256 
1 1 1 1 1 1 1 0 1 0 0 1 1 1 1 1 1 1 0 1 1 1 1 1 1 1 1 0 1 0 1 1 1 1 1 1 0 0 1 1 1 1 1 0 1 1 1 1 1 0 1 1 0 0 0 1 1 1 1 1 1 1 0 0 1 1 1 1 1 1 0 0 1 1 1 0 1 1 1 1 1 0 1 1 1 1 1 1 1 1 0 1 1 0 1 1 1 1 1 1 	256 256 256 256 256 256 256 253 256 253 253 256 256 256 256 256 256 256 0 256 256 256 256 256 256 256 256 0 256 253 256 256 256 256 256 256 0 253 256 256 256 256 256 254 256 256 256 256 256 0 256 256 0 0 254 256 256 256 256 256 256 256 253 0 256 256 256 256 256 256 232 119 256 256 256 254 256 256 256 256 256 0 256 256 256 256 256 256 256 256 197 256 256 253 256 256 256 256 256 256 
0 1 1 1 1 1 1 0 1 0 0 1 1 1 1 1 1 1 1 1 1 1 1 1 1 1 1 1 1 0 1 1 0 1 1 1 1 1 1 1 1 0 0 0 1 1 1 1 1 0 1 1 0 0 1 1 1 1 1 1 1 1 0 0 1 0 0 1 1 1 0 0 1 1 1 0 1 1 1 1 1 0 1 1 1 1 1 1 1 0 1 1 1 0 1 1 1 1 1 1 	253 256 256 256 256 256 256 253 256 253 253 256 256 256 256 256 256 256 256 256 256 256 256 256 256 256 256 256 256 0 256 256 18 256 256 256 256 256 256 256 256 253 100 253 256 256 256 256 256 254 256 256 0 0 256 256 256 256 256 256 256 256 253 253 256 253 253 256 256 256 0 0 256 256 256 253 256 256 256 256 256 253 256 256 256 256 256 256 256 0 256 256 256 253 256 256 256 256 256 256 
1 1 1 1 1 1 1 0 1 0 0 1 1 1 1 1 1 1 1 1 1 1 1 1 1 1 1 1 1 0 1 1 1 1 1 1 1 0 1 1 1 0 1 0 1 1 1 1 1 0 1 1 0 0 0 1 1 1 1 1 0 1 0 0 1 0 1 1 1 1 0 0 1 0 1 0 1 1 0 1 0 0 1 1 1 1 1 1 1 1 1 1 1 1 1 1 1 1 1 1 	256 256 256 256 256 256 256 253 256 253 253 256 256 256 256 256 256 256 256 256 256 256 256 256 256 256 256 256 256 253 256 256 256 256 256 256 256 254 256 256 256 0 256 254 256 256 256 256 256 253 256 256 23 253 254 256 256 256 256 256 253 256 253 0 256 253 256 256 256 256 254 253 256 254 256 253 256 256 85 256 253 253 256 256 256 256 256 256 256 256 256 256 256 256 256 256 256 256 256 256 
0 1 1 1 1 1 1 0 1 1 0 1 1 1 1 1 1 1 1 1 1 1 1 1 1 1 1 1 1 0 1 1 0 1 1 1 1 0 1 1 1 0 1 0 1 1 1 1 1 0 1 1 0 0 0 1 1 1 1 1 0 1 0 0 1 1 1 1 1 0 0 0 1 1 1 1 1 1 1 1 0 0 1 1 1 1 1 1 1 1 1 1 1 1 1 1 1 1 1 1 	0 256 256 256 256 256 256 253 256 256 0 256 256 256 256 256 256 256 256 256 256 256 256 256 256 256 256 256 256 253 256 256 254 256 256 256 256 0 256 256 256 254 256 253 256 256 256 256 256 254 256 256 118 253 253 256 256 256 256 256 0 256 226 253 256 256 256 256 256 253 253 253 256 256 256 256 256 256 256 256 253 0 256 256 256 256 256 256 256 256 256 256 256 256 256 256 256 256 256 256 
1 1 0 1 1 1 1 0 1 0 0 1 1 1 1 1 1 1 1 1 1 1 1 1 1 1 1 1 1 0 1 1 0 1 1 1 1 1 1 1 1 0 1 0 1 1 1 1 1 0 1 1 0 0 0 1 1 1 1 1 1 1 0 0 1 0 1 1 1 1 0 0 1 1 1 0 1 1 1 1 1 0 1 1 1 1 1 1 1 0 0 1 1 0 1 1 1 1 1 1 	256 256 32 256 256 256 256 253 256 0 253 256 256 256 256 256 256 256 256 256 256 256 256 256 256 256 256 256 256 253 256 256 253 256 256 256 256 256 256 256 256 253 256 253 256 256 256 256 256 253 256 256 0 0 253 256 256 256 256 256 256 256 40 0 256 94 256 256 256 256 253 0 256 256 256 210 256 256 256 256 256 253 256 256 256 256 256 256 256 253 0 256 256 125 256 256 256 256 256 256 
0 1 1 1 1 1 1 0 1 0 0 1 1 1 1 1 1 1 1 1 1 1 1 1 1 1 1 1 1 0 1 1 0 1 1 1 1 0 1 1 1 0 1 0 1 1 1 1 1 0 1 1 0 0 0 1 1 1 1 1 1 1 0 0 1 1 1 1 1 1 0 0 1 1 1 0 1 1 1 1 1 0 1 1 1 1 1 1 1 0 1 1 1 1 1 1 1 1 1 1 	232 256 256 256 256 256 256 253 256 254 253 256 256 256 256 256 256 256 256 256 256 256 256 256 256 256 256 256 256 253 256 256 253 256 256 256 256 253 256 256 256 254 256 253 256 256 256 256 256 64 256 256 253 0 253 256 256 256 256 256 256 256 254 253 256 256 256 256 256 256 253 0 256 256 256 254 256 256 256 256 256 0 256 256 256 256 256 256 256 253 256 256 256 256 256 256 256 256 256 256 
0 1 1 1 1 1 1 0 1 0 0 1 1 1 1 1 1 1 1 1 1 1 1 1 1 1 1 1 1 0 1 1 0 1 1 1 1 1 1 1 1 0 0 0 1 1 1 1 1 0 1 1 0 0 0 1 1 1 1 1 0 1 0 0 1 1 1 1 1 1 0 0 1 1 1 0 1 1 1 1 0 0 1 1 1 1 1 1 1 1 1 1 1 1 1 1 1 1 1 1 	0 256 256 256 256 256 256 254 256 0 254 256 256 256 256 256 256 256 256 256 256 256 256 256 256 256 256 256 256 253 256 256 0 256 256 256 256 256 256 256 256 253 0 110 256 256 256 256 256 253 256 256 253 253 253 256 256 256 256 256 0 256 253 253 256 256 256 256 256 256 0 195 256 256 256 253 256 256 256 256 0 0 256 256 256 256 256 256 256 256 256 256 256 256 256 256 256 256 256 256 
0 1 1 1 1 1 1 0 1 0 0 1 1 1 1 1 1 1 1 1 1 1 1 1 1 1 1 1 1 0 1 1 1 1 1 1 1 0 1 1 1 0 1 0 1 1 1 1 1 0 1 1 0 0 0 1 1 1 1 1 0 1 0 0 1 0 1 1 1 1 0 0 1 0 1 0 1 1 0 1 0 0 1 1 1 1 1 1 1 0 1 1 1 0 1 1 1 1 1 1 	253 256 256 256 256 256 256 253 256 253 253 256 256 256 256 256 256 256 256 256 256 256 256 256 256 256 256 256 256 253 256 256 256 256 256 256 256 253 256 256 256 0 256 253 256 256 256 256 256 253 256 256 0 212 253 256 256 256 256 256 0 256 253 253 256 253 256 256 256 256 254 0 256 253 256 253 256 256 253 256 179 253 256 256 256 256 256 256 256 124 256 256 256 0 256 256 256 256 256 256 
0 1 1 1 1 1 1 0 1 0 0 1 1 1 1 1 1 1 1 1 1 1 1 1 1 1 1 1 1 0 1 1 0 1 1 1 1 0 1 1 1 0 1 0 1 1 1 1 1 0 1 1 0 0 0 1 1 1 1 1 0 1 1 0 1 0 1 1 1 1 0 0 1 0 1 0 1 1 1 1 0 0 1 1 1 1 1 1 1 1 1 1 1 1 1 1 1 1 1 1 	0 256 256 256 256 256 256 254 256 253 253 256 256 256 256 256 256 256 256 256 256 256 256 256 256 256 256 256 256 254 256 256 253 256 256 256 256 253 256 256 256 253 256 253 256 256 256 256 256 254 256 256 130 167 0 256 256 256 256 256 0 256 256 253 256 254 256 256 256 256 66 253 256 253 256 253 256 256 256 256 78 254 256 256 256 256 256 256 256 256 256 256 256 256 256 256 256 256 256 256 
0 1 1 1 1 1 1 0 1 1 0 1 1 1 1 1 1 1 1 1 1 1 1 1 1 1 1 1 1 0 1 1 1 1 1 1 1 0 1 1 1 0 1 0 1 1 1 1 1 0 1 1 0 0 0 1 1 1 1 1 0 1 0 0 1 0 1 1 1 1 0 0 1 0 1 1 1 1 0 1 0 0 1 1 1 1 1 1 1 1 1 1 1 1 1 1 1 1 1 1 	78 256 256 256 256 256 256 254 256 256 0 256 256 256 256 256 256 256 256 256 256 256 256 256 256 256 256 256 256 254 256 256 256 256 256 256 256 178 256 256 256 0 256 253 256 256 256 256 256 253 256 256 22 253 253 256 256 256 256 256 112 256 93 253 256 253 256 256 256 256 253 253 256 253 256 256 256 256 253 256 253 253 256 256 256 256 256 256 256 256 256 256 256 256 256 256 256 256 256 256 
0 1 0 1 1 1 1 0 1 0 0 1 1 1 1 1 1 1 1 1 1 1 1 1 1 1 1 1 1 0 1 1 0 1 1 1 1 0 1 1 1 0 1 0 1 1 1 1 1 0 1 1 0 0 0 1 1 1 1 1 0 1 1 0 1 0 1 1 1 1 0 0 1 1 1 0 1 1 1 1 0 0 1 1 1 1 1 1 1 0 1 1 1 1 1 1 1 1 1 1 	253 256 253 256 256 256 256 253 256 0 253 256 256 256 256 256 256 256 256 256 256 256 256 256 256 256 256 256 256 253 256 256 253 256 256 256 256 253 256 256 256 253 256 254 256 256 256 256 256 253 256 256 253 253 0 256 256 256 256 256 253 256 256 253 256 253 256 256 256 256 253 0 256 256 256 254 256 256 256 256 254 203 256 256 256 256 256 256 256 253 256 256 256 256 256 256 256 256 256 256 
1 1 1 1 1 1 1 0 1 0 0 1 1 1 1 1 1 1 1 1 1 1 1 1 1 1 1 1 1 0 1 1 0 1 1 1 1 0 1 1 1 0 1 0 1 1 1 1 1 0 1 1 0 0 0 1 1 1 1 1 0 1 0 0 1 1 1 1 1 1 0 0 1 1 1 0 1 1 1 1 0 0 1 1 1 1 1 1 1 1 1 1 1 1 1 1 1 1 1 1 	256 256 256 256 256 256 256 253 256 253 253 256 256 256 256 256 256 256 256 256 256 256 256 256 256 256 256 256 256 247 256 256 103 256 256 256 256 253 256 256 256 253 256 253 256 256 256 256 256 124 256 256 231 253 253 256 256 256 256 256 253 256 253 0 256 256 256 256 256 256 253 253 256 256 256 253 256 256 256 256 253 0 256 256 256 256 256 256 256 256 256 256 256 256 256 256 256 256 256 256 
0 1 1 1 1 1 1 0 1 0 0 1 1 1 1 1 1 1 1 1 1 1 1 1 1 1 1 1 1 0 1 1 0 1 1 1 1 0 1 1 1 0 1 0 1 1 1 1 1 0 1 1 0 1 0 1 1 1 1 1 0 1 0 0 1 0 1 1 1 1 0 0 1 0 1 0 1 1 1 1 0 0 1 1 1 1 1 1 1 1 1 1 1 1 1 1 1 1 1 1 	253 256 256 256 256 256 256 253 256 253 254 256 256 256 256 256 256 256 256 256 256 256 256 256 256 256 256 256 256 253 256 256 254 256 256 256 256 253 256 256 256 254 256 254 256 256 256 256 256 253 256 256 254 256 253 256 256 256 256 256 253 256 0 253 256 0 256 256 256 256 253 254 256 180 256 254 256 256 256 256 254 253 256 256 256 256 256 256 256 256 256 256 256 256 256 256 256 256 256 256 
0 1 0 1 1 1 1 0 1 0 0 1 1 1 1 1 1 1 1 1 1 1 1 1 1 1 1 1 1 0 1 1 0 1 1 1 1 0 1 1 1 0 1 0 1 1 1 1 1 0 1 1 0 0 0 1 1 1 1 1 0 1 0 0 1 0 1 1 1 1 0 0 1 1 1 0 1 1 1 1 0 0 1 1 1 1 1 1 1 1 1 1 1 1 1 1 1 1 1 1 	253 256 253 256 256 256 256 108 256 0 253 256 256 256 256 256 256 256 256 256 256 256 256 256 256 256 256 256 256 253 256 256 253 256 256 256 256 254 256 256 256 253 256 254 256 256 256 256 256 42 256 256 253 254 253 256 256 256 256 256 254 256 80 253 256 253 256 256 256 256 253 223 256 256 256 254 256 256 256 256 254 253 256 256 256 256 256 256 256 256 256 256 256 256 256 256 256 256 256 256 
0 1 1 1 1 1 1 0 1 1 0 1 1 1 1 1 1 1 1 1 1 1 1 1 1 1 1 1 1 0 1 1 0 1 1 1 1 0 1 1 1 0 1 0 1 1 1 1 1 0 1 1 0 0 0 1 1 1 1 1 1 1 0 0 1 0 1 1 1 0 0 0 1 0 1 1 1 1 1 1 1 0 1 1 1 1 1 1 1 1 1 1 1 1 1 1 1 1 1 1 	253 256 256 256 256 256 256 253 256 256 0 256 256 256 256 256 256 256 256 256 256 256 256 256 256 256 256 256 256 253 256 256 253 256 256 256 256 0 256 256 256 255 256 254 256 256 256 256 256 255 256 256 43 0 18 256 256 256 256 256 256 256 253 253 256 253 256 256 256 253 253 253 256 253 256 256 256 256 256 256 256 253 256 256 256 256 256 256 256 256 256 256 256 256 256 256 256 256 256 256 
0 1 1 1 1 1 1 0 1 0 0 1 1 1 1 1 1 1 1 1 1 1 1 1 1 1 1 0 1 0 1 1 1 1 1 1 1 0 1 1 1 1 1 0 1 1 1 1 1 0 1 1 0 0 0 1 1 1 1 1 0 1 0 0 1 0 1 1 1 1 0 0 1 0 1 0 1 1 1 1 0 0 1 1 1 1 1 1 1 1 1 1 1 1 1 1 1 1 1 1 	253 256 256 256 256 256 256 253 256 254 253 256 256 256 256 256 256 256 256 256 256 256 256 256 256 256 256 0 256 253 256 256 256 256 256 256 256 253 256 256 256 256 256 253 256 256 256 256 256 0 256 256 253 133 253 256 256 256 256 256 218 256 254 253 256 253 256 256 256 256 253 118 256 253 256 253 256 256 256 256 0 253 256 256 256 256 256 256 256 256 256 256 256 256 256 256 256 256 256 256 
0 1 0 1 1 1 1 0 1 0 0 1 1 1 1 1 1 1 1 1 1 1 1 1 1 1 1 0 1 0 1 1 0 1 1 1 1 0 1 1 1 0 1 0 1 1 1 0 1 0 1 1 0 0 0 1 1 1 1 1 0 1 0 0 1 0 1 1 1 1 1 0 1 1 1 0 1 1 1 1 0 0 1 1 1 1 1 1 1 0 1 1 1 1 1 1 1 1 1 1 	253 256 48 256 256 256 256 47 256 0 253 256 256 256 256 256 256 256 256 256 256 256 256 256 256 256 256 254 256 254 256 256 253 256 256 256 256 253 256 256 256 253 256 253 256 256 256 0 256 0 256 256 12 253 253 256 256 256 256 256 253 256 82 253 256 253 256 256 256 256 256 0 256 256 256 180 256 256 256 256 196 253 256 256 256 256 256 256 256 254 256 256 256 256 256 256 256 256 256 256 
0 1 0 1 1 1 1 0 1 0 0 1 1 1 1 1 1 1 1 1 1 1 1 1 1 1 1 1 1 0 1 1 0 0 1 1 1 0 1 1 1 0 1 0 1 1 1 1 1 0 1 1 0 0 0 1 1 1 1 1 0 1 1 0 1 0 1 1 1 1 0 0 1 1 1 0 1 1 1 1 0 0 1 1 1 1 1 1 1 1 1 1 1 0 1 1 1 1 1 1 	0 256 253 256 256 256 256 254 256 0 254 256 256 256 256 256 256 256 256 256 256 256 256 256 256 256 256 256 256 253 256 256 253 253 256 256 256 119 256 256 256 253 256 253 256 256 256 256 256 253 256 256 0 253 0 256 256 256 256 256 253 256 256 253 256 253 256 256 256 256 253 126 256 256 256 0 256 256 256 256 253 253 256 256 256 256 256 256 256 256 256 256 256 253 256 256 256 256 256 256 
0 1 1 1 1 1 1 0 1 0 0 1 1 1 1 1 1 1 1 1 1 1 1 1 1 1 1 1 1 0 1 1 1 1 1 1 1 0 1 1 1 0 1 0 1 1 1 1 1 0 1 1 0 0 0 1 1 1 1 1 0 1 0 0 1 0 1 1 1 1 0 0 1 0 1 0 1 1 0 1 0 0 1 1 1 1 1 1 1 0 1 1 1 0 1 1 1 1 1 1 	253 256 256 256 256 256 256 253 256 254 253 256 256 256 256 256 256 256 256 256 256 256 256 256 256 256 256 256 256 253 256 256 256 256 256 256 256 253 256 256 256 0 256 254 256 256 256 256 256 253 256 256 0 253 253 256 256 256 256 256 253 256 253 136 256 253 256 256 256 256 253 0 256 253 256 253 256 256 253 256 254 68 256 256 256 256 256 256 256 253 256 256 256 133 256 256 256 256 256 256 
0 1 1 1 1 1 1 0 1 0 0 1 1 1 1 1 1 1 1 1 1 1 1 1 1 1 1 1 1 0 1 1 0 1 1 1 1 0 1 1 1 0 1 0 1 1 1 1 1 0 1 1 0 1 0 1 1 1 1 1 0 1 0 0 1 0 1 1 1 1 0 0 1 0 1 0 1 1 1 1 0 0 1 1 1 1 1 1 1 1 1 1 1 1 1 1 1 1 1 1 	253 256 256 256 256 256 256 198 256 68 199 256 256 256 256 256 256 256 256 256 256 256 256 256 256 256 256 256 256 253 256 256 253 256 256 256 256 253 256 256 256 253 256 253 256 256 256 256 256 253 256 256 253 256 218 256 256 256 256 256 254 256 0 253 256 253 256 256 256 256 253 253 256 157 256 255 256 256 256 256 254 46 256 256 256 256 256 256 256 256 256 256 256 256 256 256 256 256 256 256 
1 1 1 1 1 1 1 0 1 1 0 1 1 1 1 1 1 1 1 1 1 1 1 1 1 1 1 1 1 0 1 1 0 1 1 1 1 1 1 1 1 0 0 0 1 1 1 1 1 0 1 1 0 0 0 1 1 1 1 1 1 1 0 0 1 1 1 1 1 1 0 0 1 1 1 1 1 1 1 1 1 0 1 1 1 1 1 1 1 1 0 1 1 1 1 1 1 1 1 1 	256 256 256 256 256 256 256 191 256 256 0 256 256 256 256 256 256 256 256 256 256 256 256 256 256 256 256 256 256 196 256 256 254 256 256 256 256 256 256 256 256 254 0 253 256 256 256 256 256 254 256 256 167 0 253 256 256 256 256 256 256 256 253 0 256 256 256 256 256 256 0 180 256 256 256 256 256 256 256 256 256 0 256 256 256 256 256 256 256 256 253 256 256 256 256 256 256 256 256 256 
1 1 1 1 1 1 1 0 1 0 0 1 1 1 1 1 1 1 1 1 1 1 1 1 1 1 1 1 1 0 1 1 0 1 1 1 1 1 1 1 1 0 0 0 1 1 1 1 1 0 1 1 0 0 0 1 1 1 1 1 0 1 0 0 1 0 1 1 1 1 0 0 1 1 1 0 1 1 1 1 0 0 1 1 1 1 1 1 1 1 1 1 1 1 1 1 1 1 1 1 	256 256 256 256 256 256 256 253 256 254 253 256 256 256 256 256 256 256 256 256 256 256 256 256 256 256 256 256 256 253 256 256 244 256 256 256 256 256 256 256 256 95 0 40 256 256 256 256 256 218 256 256 253 254 254 256 256 256 256 256 175 256 11 0 256 253 256 256 256 256 0 253 256 256 256 254 256 256 256 256 0 230 256 256 256 256 256 256 256 256 256 256 256 256 256 256 256 256 256 256 
0 1 1 1 1 1 1 0 1 0 0 1 1 1 1 1 1 1 1 1 1 1 1 1 1 1 1 1 1 0 1 1 0 0 1 1 1 0 1 1 1 0 1 0 1 1 1 1 1 0 1 1 0 0 0 1 1 1 1 1 0 1 0 0 1 0 1 1 1 1 0 0 1 0 1 0 1 1 1 1 0 0 1 1 1 1 1 1 1 0 1 1 1 1 1 1 1 1 1 1 	253 256 256 256 256 256 256 253 256 253 253 256 256 256 256 256 256 256 256 256 256 256 256 256 256 256 256 256 256 253 256 256 253 253 256 256 256 253 256 256 256 253 256 254 256 256 256 256 256 253 256 256 37 253 253 256 256 256 256 256 253 256 253 254 256 45 256 256 256 256 253 0 256 253 256 0 256 256 256 256 253 253 256 256 256 256 256 256 256 253 256 256 256 256 256 256 256 256 256 256 
0 1 1 1 1 1 1 0 1 0 0 1 1 1 1 1 1 1 1 1 1 1 1 1 1 1 1 1 1 0 1 1 0 1 1 1 1 1 1 1 1 0 0 0 1 1 1 1 1 0 1 1 0 0 0 1 1 1 1 1 0 1 0 0 1 0 1 1 1 1 0 0 1 1 1 0 1 1 1 1 0 0 1 1 1 1 1 1 1 1 1 1 1 1 1 1 1 1 1 1 	0 256 256 256 256 256 256 78 256 254 253 256 256 256 256 256 256 256 256 256 256 256 256 256 256 256 256 256 256 253 256 256 254 256 256 256 256 256 256 256 256 254 0 253 256 256 256 256 256 253 256 256 253 253 253 256 256 256 256 256 253 256 253 253 256 0 256 256 256 256 0 174 256 256 256 253 256 256 256 256 253 253 256 256 256 256 256 256 256 256 256 256 256 256 256 256 256 256 256 256 
0 1 1 1 1 1 1 0 1 0 0 1 1 1 1 1 1 1 1 1 1 1 1 1 1 1 1 1 1 0 1 1 0 1 1 1 1 1 1 1 1 0 0 0 1 1 1 1 1 0 1 1 0 0 1 1 1 1 1 1 1 1 0 0 1 0 0 1 1 1 0 0 1 1 1 0 1 1 1 1 1 0 1 1 1 1 1 1 1 1 1 1 1 0 1 1 1 1 1 1 	253 256 256 256 256 256 256 254 256 254 91 256 256 256 256 256 256 256 256 256 256 256 256 256 256 256 256 256 256 0 256 256 253 256 256 256 256 256 256 256 256 254 0 253 256 256 256 256 256 254 256 256 0 0 256 256 256 256 256 256 256 256 254 253 256 253 173 256 256 256 0 253 256 256 256 253 256 256 256 256 256 253 256 256 256 256 256 256 256 256 256 256 256 253 256 256 256 256 256 256 
0 1 1 1 1 1 1 0 1 1 0 1 1 1 1 1 1 1 1 1 1 1 1 1 1 1 1 1 1 0 1 1 0 1 1 1 1 1 1 1 1 0 0 0 1 1 1 1 0 0 1 1 0 0 0 1 1 1 1 1 1 1 0 0 1 1 1 1 1 1 0 0 1 1 1 1 1 1 1 1 1 0 1 1 1 1 1 1 1 0 1 1 1 1 1 1 1 1 1 1 	253 256 256 256 256 256 256 254 256 256 0 256 256 256 256 256 256 256 256 256 256 256 256 256 256 256 256 256 256 253 256 256 254 256 256 256 256 256 256 256 256 254 253 253 256 256 256 256 20 253 256 256 172 0 253 256 256 256 256 256 256 256 253 165 256 256 256 256 256 256 0 0 256 256 256 256 256 256 256 256 256 0 256 256 256 256 256 256 256 253 256 256 256 256 256 256 256 256 256 256 
0 1 0 1 1 1 1 0 1 0 0 1 1 1 1 1 1 1 1 1 1 1 1 1 1 1 1 1 1 0 1 1 0 1 1 1 1 0 1 1 1 0 1 0 1 1 1 1 1 0 1 1 0 0 0 1 1 1 1 1 0 1 0 0 1 0 1 1 1 0 0 0 1 1 1 0 1 1 1 1 0 0 1 1 1 1 1 1 1 1 1 1 1 1 1 1 1 1 1 1 	0 256 253 256 256 256 256 0 256 0 253 256 256 256 256 256 256 256 256 256 256 256 256 256 256 256 256 256 256 253 256 256 255 256 256 256 256 0 256 256 256 255 256 254 256 256 256 256 256 253 256 256 253 253 253 256 256 256 256 256 28 256 253 254 256 253 256 256 256 253 253 254 256 256 256 54 256 256 256 256 0 253 256 256 256 256 256 256 256 256 256 256 256 256 256 256 256 256 256 256 
0 1 0 1 1 1 1 0 1 0 1 1 1 1 1 1 1 1 1 1 1 1 1 1 1 1 1 1 1 0 1 1 0 1 1 1 1 0 1 1 1 0 1 0 1 1 1 1 1 0 1 1 0 1 0 1 1 1 1 1 0 1 0 0 1 0 1 1 1 1 0 0 1 1 1 0 1 1 1 1 0 0 1 1 1 1 1 1 1 1 1 1 1 1 1 1 1 1 1 1 	77 256 255 256 256 256 256 140 256 0 256 256 256 256 256 256 256 256 256 256 256 256 256 256 256 256 256 256 256 253 256 256 253 256 256 256 256 197 256 256 256 253 256 253 256 256 256 256 256 254 256 256 183 256 253 256 256 256 256 256 253 256 0 89 256 253 256 256 256 256 253 253 256 256 256 253 256 256 256 256 253 150 256 256 256 256 256 256 256 256 256 256 256 256 256 256 256 256 256 256 
0 1 1 1 1 1 1 0 1 0 0 1 1 1 1 1 1 1 1 1 1 1 1 1 1 1 1 1 1 0 1 1 0 1 1 1 1 1 1 1 1 0 0 0 1 1 1 1 1 0 1 1 0 1 0 1 1 1 1 1 0 1 0 0 1 0 1 1 1 1 0 0 1 1 1 0 1 1 1 1 0 0 1 1 1 1 1 1 1 0 1 1 1 0 1 1 1 1 1 1 	254 256 256 256 256 256 256 0 256 253 253 256 256 256 256 256 256 256 256 256 256 256 256 256 256 256 256 256 256 253 256 256 253 256 256 256 256 256 256 256 256 126 253 0 256 256 256 256 256 254 256 256 0 256 253 256 256 256 256 256 253 256 0 255 256 0 256 256 256 256 0 0 256 256 256 253 256 256 256 256 161 253 256 256 256 256 256 256 256 253 256 256 256 253 256 256 256 256 256 256 
0 1 1 1 1 1 1 0 1 0 0 1 1 1 1 1 1 1 1 1 1 1 1 1 1 1 1 1 1 0 1 1 0 1 1 1 1 0 1 1 1 0 1 0 1 1 1 1 1 0 1 1 0 0 0 1 1 1 1 1 0 1 0 0 1 0 1 1 1 1 0 0 1 0 1 0 1 1 1 1 0 0 1 1 1 1 1 1 1 0 1 1 1 1 1 1 1 1 1 1 	253 256 256 256 256 256 256 0 256 253 253 256 256 256 256 256 256 256 256 256 256 256 256 256 256 256 256 256 256 197 256 256 253 256 256 256 256 253 256 256 256 253 256 254 256 256 256 256 256 254 256 256 253 180 253 256 256 256 256 256 253 256 253 29 256 253 256 256 256 256 254 0 256 140 256 253 256 256 256 256 254 253 256 256 256 256 256 256 256 253 256 256 256 256 256 256 256 256 256 256 
0 1 1 1 1 1 1 0 1 0 0 1 1 1 1 1 1 1 1 1 1 1 1 1 1 1 1 1 1 0 1 1 0 1 1 1 1 0 1 1 1 0 1 0 1 1 1 1 1 0 1 1 0 0 0 1 1 1 1 1 0 1 0 0 1 1 1 1 1 1 0 0 1 1 1 0 1 1 1 1 0 0 1 1 1 1 1 1 1 1 1 1 1 1 1 1 1 1 1 1 	28 256 256 256 256 256 256 254 256 193 8 256 256 256 256 256 256 256 256 256 256 256 256 256 256 256 256 256 256 253 256 256 253 256 256 256 256 254 256 256 256 253 256 254 256 256 256 256 256 253 256 256 227 254 253 256 256 256 256 256 253 256 253 253 256 256 256 256 256 256 158 36 256 256 256 254 256 256 256 256 250 0 256 256 256 256 256 256 256 256 256 256 256 256 256 256 256 256 256 256 
0 1 1 1 1 1 1 0 1 0 0 1 1 1 1 1 1 1 1 1 1 1 1 1 1 1 1 0 1 0 1 1 0 1 1 1 1 0 1 1 1 0 1 0 1 1 1 0 1 0 1 1 0 0 0 1 1 1 1 1 0 1 0 0 1 1 1 1 1 1 0 0 1 1 1 0 1 1 1 1 0 0 1 1 1 1 1 1 1 1 1 1 1 1 1 1 1 1 1 1 	253 256 256 256 256 256 256 253 256 255 253 256 256 256 256 256 256 256 256 256 256 256 256 256 256 256 256 245 256 254 256 256 124 256 256 256 256 253 256 256 256 221 256 254 256 256 256 254 256 0 256 256 253 254 254 256 256 256 256 256 253 256 253 13 256 256 256 256 256 256 253 223 256 256 256 254 256 256 256 256 254 0 256 256 256 256 256 256 256 256 256 256 256 256 256 256 256 256 256 256 
0 1 1 1 1 1 1 0 1 0 0 1 1 1 1 1 1 1 1 1 1 1 1 1 1 1 1 0 1 0 1 1 0 1 1 1 1 0 1 1 1 0 1 0 1 1 1 0 1 0 1 1 0 0 0 1 1 1 1 1 0 1 0 0 1 0 1 1 1 1 0 0 1 0 1 0 1 1 1 1 0 0 1 1 1 1 1 1 1 0 1 1 1 1 1 1 1 1 1 1 	121 256 256 256 256 256 256 253 256 253 253 256 256 256 256 256 256 256 256 256 256 256 256 256 256 256 256 253 256 253 256 256 253 256 256 256 256 253 256 256 256 253 256 253 256 256 256 253 256 0 256 256 253 253 253 256 256 256 256 256 253 256 253 253 256 0 256 256 256 256 128 0 256 253 256 253 256 256 256 256 253 253 256 256 256 256 256 256 256 253 256 256 256 256 256 256 256 256 256 256 
1 1 1 1 1 1 1 0 1 0 0 1 1 1 1 1 1 1 1 1 1 1 1 1 1 1 1 1 1 0 1 1 0 1 1 1 1 0 1 1 1 0 1 0 1 1 1 1 1 0 1 1 0 0 0 1 1 1 1 1 0 1 1 0 1 0 1 1 1 1 0 0 1 0 1 0 1 1 1 1 0 0 1 1 1 1 1 1 1 0 1 1 1 0 1 1 1 1 1 1 	256 256 256 256 256 256 256 253 256 254 253 256 256 256 256 256 256 256 256 256 256 256 256 256 256 256 256 256 256 125 256 256 254 256 256 256 256 254 256 256 256 254 256 254 256 256 256 256 256 253 256 256 0 253 0 256 256 256 256 256 253 256 256 0 256 41 256 256 256 256 253 0 256 253 256 253 256 256 256 256 253 147 256 256 256 256 256 256 256 107 256 256 256 127 256 256 256 256 256 256 
0 1 1 1 1 1 1 0 1 0 0 1 1 1 1 1 1 1 1 1 1 1 1 1 1 1 1 1 1 0 1 1 0 0 1 1 1 0 1 1 1 0 1 0 1 1 1 1 1 0 1 1 0 0 0 1 1 1 1 1 0 1 0 0 1 0 1 1 1 1 0 0 1 0 1 0 1 1 1 1 0 0 1 1 1 1 1 1 1 1 1 1 1 1 1 1 1 1 1 1 	32 256 256 256 256 256 256 0 256 253 253 256 256 256 256 256 256 256 256 256 256 256 256 256 256 256 256 256 256 253 256 256 253 253 256 256 256 253 256 256 256 43 256 253 256 256 256 256 256 253 256 256 253 82 253 256 256 256 256 256 0 256 198 110 256 181 256 256 256 256 253 184 256 253 256 0 256 256 256 256 253 253 256 256 256 256 256 256 256 256 256 256 256 256 256 256 256 256 256 256 
1 1 1 1 1 1 1 0 1 0 0 1 1 1 1 1 1 1 1 1 1 1 1 1 1 1 1 1 1 0 1 1 0 1 1 1 1 0 1 1 1 0 1 0 1 1 1 1 1 0 1 1 0 1 0 1 1 1 1 1 0 1 0 0 1 0 1 1 1 1 0 0 1 0 1 0 1 1 1 1 0 0 1 1 1 1 1 1 1 1 1 1 1 0 1 1 1 1 1 1 	256 256 256 256 256 256 256 253 256 255 253 256 256 256 256 256 256 256 256 256 256 256 256 256 256 256 256 256 256 253 256 256 253 256 256 256 256 253 256 256 256 255 256 253 256 256 256 256 256 255 256 256 0 256 254 256 256 256 256 256 253 256 0 0 256 253 256 256 256 256 253 58 256 253 256 254 256 256 256 256 253 253 256 256 256 256 256 256 256 256 256 256 256 0 256 256 256 256 256 256 
0 1 1 1 1 1 1 0 1 0 0 1 1 1 1 1 1 1 1 1 1 1 1 1 1 1 1 1 1 0 1 1 0 1 1 1 1 0 1 1 1 0 1 0 1 1 1 1 1 0 1 1 0 0 0 1 1 1 1 1 1 1 0 0 1 0 1 1 1 1 0 0 1 0 1 0 1 1 1 1 1 0 1 1 1 1 1 1 1 1 1 1 1 1 1 1 1 1 1 1 	253 256 256 256 256 256 256 253 256 253 253 256 256 256 256 256 256 256 256 256 256 256 256 256 256 256 256 256 256 253 256 256 253 256 256 256 256 253 256 256 256 246 256 253 256 256 256 256 256 254 256 256 233 0 253 256 256 256 256 256 256 256 253 254 256 253 256 256 256 256 254 253 256 253 256 253 256 256 256 256 256 166 256 256 256 256 256 256 256 256 256 256 256 256 256 256 256 256 256 256 
0 1 1 1 1 1 1 0 1 0 0 1 1 1 1 1 1 1 1 1 1 1 1 1 1 1 1 1 1 0 1 1 0 1 1 1 1 0 1 1 1 0 1 0 1 1 1 1 1 0 1 1 0 0 0 1 1 1 1 1 0 1 0 0 1 0 1 1 1 1 0 0 1 0 1 0 1 1 1 1 0 0 1 1 1 1 1 1 1 0 1 1 1 1 1 1 1 1 1 1 	254 256 256 256 256 256 256 253 256 253 178 256 256 256 256 256 256 256 256 256 256 256 256 256 256 256 256 256 256 254 256 256 253 256 256 256 256 253 256 256 256 254 256 253 256 256 256 256 256 255 256 256 253 253 253 256 256 256 256 256 254 256 254 215 256 253 256 256 256 256 94 0 256 253 256 253 256 256 256 256 253 253 256 256 256 256 256 256 256 253 256 256 256 256 256 256 256 256 256 256 
0 1 1 1 1 1 1 0 1 0 0 1 1 1 1 1 1 1 1 1 1 1 1 1 1 1 1 1 1 0 1 1 0 1 1 1 1 0 1 1 1 0 1 0 1 1 1 1 1 0 1 1 0 0 0 1 1 1 1 1 0 1 0 0 1 0 1 1 1 1 0 0 1 0 1 0 1 1 1 1 0 0 1 1 1 1 1 1 1 0 1 1 1 1 1 1 1 1 1 1 	253 256 256 256 256 256 256 253 256 253 254 256 256 256 256 256 256 256 256 256 256 256 256 256 256 256 256 256 256 253 256 256 253 256 256 256 256 253 256 256 256 253 256 253 256 256 256 256 256 254 256 256 156 254 253 256 256 256 256 256 0 256 253 255 256 253 256 256 256 256 253 0 256 253 256 254 256 256 256 256 213 253 256 256 256 256 256 256 256 253 256 256 256 256 256 256 256 256 256 256 
0 1 0 1 1 1 1 0 1 0 0 1 1 1 1 1 1 1 1 1 1 1 1 1 1 1 1 1 1 0 1 1 0 0 1 1 1 1 1 1 1 0 0 0 1 1 1 1 1 0 1 1 0 0 0 1 1 1 1 1 0 1 0 0 1 1 1 1 1 1 0 0 1 1 1 0 1 1 1 1 0 0 1 1 1 1 1 1 1 1 1 1 1 1 1 1 1 1 1 1 	235 256 253 256 256 256 256 253 256 0 138 256 256 256 256 256 256 256 256 256 256 256 256 256 256 256 256 256 256 253 256 256 253 253 256 256 256 256 256 256 256 253 254 254 256 256 256 256 256 253 256 256 253 253 253 256 256 256 256 256 253 256 253 253 256 256 256 256 256 256 0 235 256 256 256 0 256 256 256 256 254 0 256 256 256 256 256 256 256 256 256 256 256 256 256 256 256 256 256 256 
0 1 1 1 1 1 1 0 1 0 0 1 1 1 1 1 1 1 1 1 1 1 1 1 1 1 1 0 1 0 1 1 0 1 1 1 1 0 1 1 1 0 1 0 1 1 1 0 1 0 1 1 0 0 0 1 1 1 1 1 0 1 0 0 1 0 1 1 1 1 0 0 1 0 1 0 1 1 1 1 0 0 1 1 1 1 1 1 1 0 1 1 1 1 1 1 1 1 1 1 	206 256 256 256 256 256 256 253 256 253 253 256 256 256 256 256 256 256 256 256 256 256 256 256 256 256 256 253 256 254 256 256 253 256 256 256 256 253 256 256 256 253 256 253 256 256 256 253 256 0 256 256 253 169 254 256 256 256 256 256 98 256 253 189 256 253 256 256 256 256 253 0 256 253 256 254 256 256 256 256 0 253 256 256 256 256 256 256 256 254 256 256 256 256 256 256 256 256 256 256 
0 1 0 1 1 1 1 0 1 0 0 1 1 1 1 1 1 1 1 1 1 1 1 1 1 1 1 1 1 0 1 1 0 0 1 1 1 0 1 1 1 0 1 0 1 1 1 1 1 0 1 1 0 0 0 1 1 1 1 1 0 1 0 0 1 0 1 1 1 1 0 0 1 1 1 0 1 1 1 1 0 0 1 1 1 1 1 1 1 1 1 1 1 0 1 1 1 1 1 1 	0 256 147 256 256 256 256 185 256 0 254 256 256 256 256 256 256 256 256 256 256 256 256 256 256 256 256 256 256 214 256 256 254 253 256 256 256 253 256 256 256 255 256 253 256 256 256 256 256 253 256 256 0 253 253 256 256 256 256 256 253 256 255 253 256 253 256 256 256 256 67 254 256 256 256 0 256 256 256 256 0 253 256 256 256 256 256 256 256 256 256 256 256 253 256 256 256 256 256 256 
0 1 1 1 1 1 1 0 1 0 0 1 1 1 1 1 1 1 1 1 1 1 1 1 1 1 1 1 1 0 1 1 0 1 1 1 1 0 1 1 1 0 1 0 1 1 1 1 1 0 1 1 0 0 0 1 1 1 1 1 0 1 0 0 1 0 1 1 1 1 0 0 1 0 1 0 1 1 1 1 0 0 1 1 1 1 1 1 1 1 1 1 1 1 1 1 1 1 1 1 	189 256 256 256 256 256 256 253 256 253 102 256 256 256 256 256 256 256 256 256 256 256 256 256 256 256 256 256 256 253 256 256 254 256 256 256 256 133 256 256 256 254 256 57 256 256 256 256 256 255 256 256 253 253 253 256 256 256 256 256 253 256 253 253 256 253 256 256 256 256 253 253 256 253 256 253 256 256 256 256 253 253 256 256 256 256 256 256 256 256 256 256 256 256 256 256 256 256 256 256 
0 1 1 1 1 1 1 0 1 0 0 1 1 1 1 1 1 1 1 1 1 1 1 1 1 1 1 1 1 0 1 1 1 1 1 1 1 1 1 1 1 0 0 0 1 1 1 1 1 0 1 1 0 0 1 1 1 1 1 1 0 1 0 0 1 0 1 1 1 1 0 0 1 1 1 0 1 1 0 1 0 0 1 1 1 1 1 1 1 1 1 1 1 1 1 1 1 1 1 1 	234 256 256 256 256 256 256 55 256 253 253 256 256 256 256 256 256 256 256 256 256 256 256 256 256 256 256 256 256 0 256 256 256 256 256 256 256 256 256 256 256 0 123 253 256 256 256 256 256 253 256 256 253 253 256 256 256 256 256 256 253 256 253 253 256 253 256 256 256 256 0 253 256 256 256 253 256 256 253 256 253 253 256 256 256 256 256 256 256 256 256 256 256 256 256 256 256 256 256 256 
1 1 1 1 1 1 1 0 1 0 0 1 1 1 1 1 1 1 1 1 1 1 1 1 1 1 1 1 1 0 1 1 0 1 1 1 1 0 1 1 1 0 1 0 1 1 1 1 1 0 1 1 0 0 0 1 1 1 1 1 0 1 1 0 1 0 1 1 1 1 0 0 1 0 1 0 1 1 1 1 0 0 1 1 1 1 1 1 1 1 1 1 1 1 1 1 1 1 1 1 	256 256 256 256 256 256 256 253 256 253 253 256 256 256 256 256 256 256 256 256 256 256 256 256 256 256 256 256 256 254 256 256 253 256 256 256 256 254 256 256 256 254 256 255 256 256 256 256 256 253 256 256 255 254 0 256 256 256 256 256 253 256 256 0 256 253 256 256 256 256 253 253 256 253 256 253 256 256 256 256 0 253 256 256 256 256 256 256 256 256 256 256 256 256 256 256 256 256 256 256 
1 1 1 1 1 1 1 0 1 0 0 1 1 1 1 1 1 1 1 1 1 1 1 1 1 1 1 1 1 0 1 1 0 1 1 1 1 0 1 1 1 0 1 0 1 1 1 1 1 0 1 1 0 0 0 1 1 1 1 1 0 1 0 0 1 0 1 1 1 1 0 0 1 0 1 0 1 1 1 1 0 0 1 1 1 1 1 1 1 0 1 1 1 1 1 1 1 1 1 1 	256 256 256 256 256 256 256 253 256 253 253 256 256 256 256 256 256 256 256 256 256 256 256 256 256 256 256 256 256 253 256 256 253 256 256 256 256 253 256 256 256 253 256 253 256 256 256 256 256 254 256 256 253 253 254 256 256 256 256 256 254 256 253 0 256 253 256 256 256 256 32 0 256 253 256 33 256 256 256 256 253 253 256 256 256 256 256 256 256 0 256 256 256 256 256 256 256 256 256 256 
0 1 1 1 1 1 1 0 1 0 0 1 1 1 1 1 1 1 1 1 1 1 1 1 1 1 1 1 1 0 1 1 0 1 1 1 1 0 1 1 1 0 1 0 1 1 1 1 1 0 1 1 0 0 0 1 1 1 1 1 0 1 0 0 1 0 1 1 1 1 0 0 1 0 1 0 1 1 1 1 0 0 1 1 1 1 1 1 1 1 1 1 1 1 1 1 1 1 1 1 	254 256 256 256 256 256 256 41 256 253 253 256 256 256 256 256 256 256 256 256 256 256 256 256 256 256 256 256 256 253 256 256 253 256 256 256 256 253 256 256 256 253 256 253 256 256 256 256 256 253 256 256 115 254 121 256 256 256 256 256 254 256 253 254 256 253 256 256 256 256 61 253 256 253 256 254 256 256 256 256 0 253 256 256 256 256 256 256 256 256 256 256 256 256 256 256 256 256 256 256 
0 1 1 1 1 1 1 0 1 0 0 1 1 1 1 1 1 1 1 1 1 1 1 1 1 1 1 1 1 0 1 1 0 1 1 1 1 1 1 1 1 0 0 0 1 1 1 1 1 0 1 1 0 0 0 1 1 1 1 1 1 1 0 0 1 0 1 1 1 1 0 0 1 1 1 0 1 1 1 1 1 0 1 1 1 1 1 1 1 1 1 1 1 1 1 1 1 1 1 1 	253 256 256 256 256 256 256 253 256 253 253 256 256 256 256 256 256 256 256 256 256 256 256 256 256 256 256 256 256 253 256 256 253 256 256 256 256 256 256 256 256 253 255 253 256 256 256 256 256 253 256 256 253 0 253 256 256 256 256 256 256 256 253 253 256 254 256 256 256 256 0 253 256 256 256 254 256 256 256 256 256 254 256 256 256 256 256 256 256 256 256 256 256 256 256 256 256 256 256 256 
0 1 1 1 1 1 1 0 1 0 0 1 1 1 1 1 1 1 1 1 1 1 1 1 1 1 1 1 1 0 1 1 0 1 1 1 1 0 1 1 1 0 1 0 1 1 1 1 1 0 1 1 0 0 0 1 1 1 1 1 0 1 0 0 1 0 1 1 1 0 0 0 1 0 1 0 1 1 1 1 0 0 1 1 1 1 1 1 1 1 1 1 1 1 1 1 1 1 1 1 	253 256 256 256 256 256 256 0 256 60 234 256 256 256 256 256 256 256 256 256 256 256 256 256 256 256 256 256 256 253 256 256 0 256 256 256 256 0 256 256 256 254 256 253 256 256 256 256 256 161 256 256 255 254 253 256 256 256 256 256 64 256 254 254 256 253 256 256 256 253 253 253 256 253 256 254 256 256 256 256 0 253 256 256 256 256 256 256 256 256 256 256 256 256 256 256 256 256 256 256 
0 1 1 1 1 1 1 0 1 0 0 1 1 1 1 1 1 1 1 1 1 1 1 1 1 1 1 1 1 0 1 1 0 1 1 1 1 0 1 1 1 0 1 0 1 1 1 1 1 0 1 1 0 0 0 1 1 1 1 1 0 1 1 0 1 0 1 1 1 0 0 0 1 0 1 0 1 1 1 1 0 0 1 1 1 1 1 1 1 1 1 1 1 1 1 1 1 1 1 1 	253 256 256 256 256 256 256 0 256 253 253 256 256 256 256 256 256 256 256 256 256 256 256 256 256 256 256 256 256 204 256 256 253 256 256 256 256 0 256 256 256 254 256 253 256 256 256 256 256 253 256 256 253 86 0 256 256 256 256 256 253 256 256 157 256 253 256 256 256 253 253 253 256 253 256 254 256 256 256 256 253 253 256 256 256 256 256 256 256 256 256 256 256 256 256 256 256 256 256 256 
0 1 1 1 1 1 1 0 1 0 0 1 1 1 1 1 1 1 1 1 1 1 1 1 1 1 1 1 1 0 1 1 0 1 1 1 1 0 1 1 1 0 1 0 1 1 1 1 1 0 1 1 0 0 0 1 1 1 1 1 0 1 1 0 1 0 1 1 1 1 0 0 1 0 1 0 1 1 1 1 0 0 1 1 1 1 1 1 1 0 1 1 1 1 1 1 1 1 1 1 	253 256 256 256 256 256 256 253 256 253 253 256 256 256 256 256 256 256 256 256 256 256 256 256 256 256 256 256 256 253 256 256 254 256 256 256 256 254 256 256 256 254 256 253 256 256 256 256 256 254 256 256 253 254 0 256 256 256 256 256 254 256 256 253 256 253 256 256 256 256 253 0 256 253 256 253 256 256 256 256 254 253 256 256 256 256 256 256 256 253 256 256 256 256 256 256 256 256 256 256 
0 1 1 1 1 1 1 0 1 0 0 1 1 1 1 1 1 1 1 1 1 1 1 1 1 1 1 1 1 0 1 1 0 1 1 1 1 0 1 1 1 0 1 0 1 1 1 1 1 0 1 1 0 0 0 1 1 1 1 1 0 1 0 0 1 1 1 1 1 1 0 0 1 1 1 0 1 1 1 1 0 0 1 1 1 1 1 1 1 1 1 1 1 1 1 1 1 1 1 1 	0 256 256 256 256 256 256 253 256 254 253 256 256 256 256 256 256 256 256 256 256 256 256 256 256 256 256 256 256 253 256 256 254 256 256 256 256 253 256 256 256 254 256 253 256 256 256 256 256 253 256 256 253 253 253 256 256 256 256 256 0 256 150 255 256 256 256 256 256 256 177 253 256 256 256 253 256 256 256 256 253 0 256 256 256 256 256 256 256 256 256 256 256 256 256 256 256 256 256 256 
0 1 1 1 1 1 1 0 1 0 0 1 1 1 1 1 1 1 1 1 1 1 1 1 1 1 1 1 1 0 1 1 1 1 1 1 1 0 1 1 1 0 1 0 1 1 1 1 1 0 1 1 0 0 0 1 1 1 1 1 0 1 0 0 1 0 1 1 1 1 0 0 1 0 1 0 1 1 0 1 0 0 1 1 1 1 1 1 1 1 1 1 1 1 1 1 1 1 1 1 	253 256 256 256 256 256 256 11 256 28 13 256 256 256 256 256 256 256 256 256 256 256 256 256 256 256 256 256 256 253 256 256 256 256 256 256 256 19 256 256 256 0 256 253 256 256 256 256 256 253 256 256 254 254 185 256 256 256 256 256 253 256 253 253 256 254 256 256 256 256 189 253 256 40 256 254 256 256 253 256 249 254 256 256 256 256 256 256 256 256 256 256 256 256 256 256 256 256 256 256 
0 1 1 1 1 1 1 0 1 0 0 1 1 1 1 1 1 1 1 1 1 1 1 1 1 1 1 1 1 0 1 1 1 1 1 1 1 0 1 1 1 0 1 0 1 1 1 1 0 0 1 1 0 0 0 1 1 1 1 1 0 1 0 0 1 0 1 1 1 1 0 0 1 0 1 0 1 1 0 1 0 0 0 1 1 1 1 1 1 0 1 1 1 1 1 1 1 1 1 1 	249 256 256 256 256 256 256 253 256 253 82 256 256 256 256 256 256 256 256 256 256 256 256 256 256 256 256 256 256 254 256 256 256 256 256 256 256 253 256 256 256 0 256 253 256 256 256 256 253 253 256 256 253 253 253 256 256 256 256 256 253 256 253 253 256 253 256 256 256 256 253 0 256 253 256 253 256 256 0 256 253 253 0 256 256 256 256 256 256 133 256 256 256 256 256 256 256 256 256 256 
0 1 1 1 1 1 1 0 1 0 0 1 1 1 1 1 1 1 1 1 1 1 1 1 1 1 1 1 1 0 1 1 0 1 1 1 1 0 1 1 1 0 1 0 1 1 1 1 1 0 1 1 0 0 0 1 1 1 1 1 0 1 0 0 1 1 1 1 1 1 0 0 1 1 1 0 1 1 1 1 0 0 1 1 1 1 1 1 1 0 1 1 1 1 1 1 1 1 1 1 	254 256 256 256 256 256 256 253 256 253 253 256 256 256 256 256 256 256 256 256 256 256 256 256 256 256 256 256 256 253 256 256 253 256 256 256 256 253 256 256 256 253 256 253 256 256 256 256 256 254 256 256 253 253 254 256 256 256 256 256 254 256 253 253 256 256 256 256 256 256 253 0 256 256 256 254 256 256 256 256 253 0 256 256 256 256 256 256 256 0 256 256 256 256 256 256 256 256 256 256 
0 1 1 1 1 1 1 0 1 0 0 1 1 1 1 1 1 1 1 1 1 1 1 1 1 1 1 1 1 0 1 1 1 1 1 1 1 0 1 1 1 0 1 0 1 1 1 1 1 0 1 1 0 1 0 1 1 1 1 1 0 1 0 0 1 0 1 1 1 1 0 0 1 0 1 0 1 1 0 1 0 0 1 1 1 1 1 1 1 1 1 1 1 1 1 1 1 1 1 1 	253 256 256 256 256 256 256 253 256 108 253 256 256 256 256 256 256 256 256 256 256 256 256 256 256 256 256 256 256 253 256 256 256 256 256 256 256 157 256 256 256 0 256 0 256 256 256 256 256 253 256 256 242 256 79 256 256 256 256 256 253 256 0 254 256 108 256 256 256 256 72 253 256 253 256 254 256 256 224 256 34 253 256 256 256 256 256 256 256 256 256 256 256 256 256 256 256 256 256 256 
0 1 1 1 1 1 1 0 1 1 0 1 1 1 1 1 1 1 1 1 1 1 1 1 1 1 1 1 1 0 1 1 0 1 1 1 1 0 1 1 1 0 1 0 1 1 1 1 1 0 1 1 0 0 0 1 1 1 1 1 0 1 0 0 1 0 1 1 1 1 0 0 1 0 1 1 1 1 1 1 0 0 1 1 1 1 1 1 1 0 1 1 1 1 1 1 1 1 1 1 	187 256 256 256 256 256 256 254 256 256 0 256 256 256 256 256 256 256 256 256 256 256 256 256 256 256 256 256 256 253 256 256 254 256 256 256 256 253 256 256 256 254 256 253 256 256 256 256 256 254 256 256 9 67 253 256 256 256 256 256 0 256 253 89 256 92 256 256 256 256 253 0 256 253 256 256 256 256 256 256 253 12 256 256 256 256 256 256 256 0 256 256 256 256 256 256 256 256 256 256 
0 1 1 1 1 1 1 0 1 0 1 1 1 1 1 1 1 1 1 1 1 1 1 1 1 1 1 1 1 0 1 1 0 1 1 1 1 0 1 1 1 0 1 0 1 1 1 1 1 0 1 1 0 0 0 1 1 1 1 1 0 1 0 0 1 0 1 1 1 0 0 0 1 0 1 0 1 1 1 1 0 0 1 1 1 1 1 1 1 1 1 1 1 1 1 1 1 1 1 1 	0 256 256 256 256 256 256 106 256 92 256 256 256 256 256 256 256 256 256 256 256 256 256 256 256 256 256 256 256 253 256 256 253 256 256 256 256 0 256 256 256 253 256 253 256 256 256 256 256 254 256 256 253 253 253 256 256 256 256 256 253 256 253 55 256 253 256 256 256 253 253 253 256 0 256 253 256 256 256 256 253 253 256 256 256 256 256 256 256 256 256 256 256 256 256 256 256 256 256 256 
0 1 1 1 1 1 1 0 1 0 0 1 1 1 1 1 1 1 0 1 1 1 1 1 1 1 1 1 1 0 1 1 1 1 1 1 1 0 1 1 1 0 1 0 1 1 1 1 1 0 1 1 0 1 0 1 1 1 1 1 0 1 0 0 1 0 1 1 1 1 0 0 1 0 1 0 1 1 0 1 0 0 1 1 1 1 1 1 1 0 1 1 1 0 1 1 1 1 1 1 	0 256 256 256 256 256 256 0 256 76 213 256 256 256 256 256 256 256 254 256 256 256 256 256 256 256 256 256 256 253 256 256 256 256 256 256 256 117 256 256 256 0 256 253 256 256 256 256 256 254 256 256 0 256 253 256 256 256 256 256 253 256 0 254 256 253 256 256 256 256 253 0 256 253 256 177 256 256 253 256 253 253 256 256 256 256 256 256 256 253 256 256 256 0 256 256 256 256 256 256 
0 1 1 1 1 1 1 0 1 0 0 1 1 1 1 1 1 1 1 1 1 1 1 1 1 1 1 1 1 0 1 1 0 1 1 1 1 1 1 1 1 0 0 0 1 1 1 1 1 0 1 1 0 0 0 1 1 1 1 1 0 1 0 0 1 0 1 1 1 1 0 0 1 1 1 0 1 1 1 1 0 0 1 1 1 1 1 1 1 1 1 1 1 0 1 1 1 1 1 1 	253 256 256 256 256 256 256 0 256 253 253 256 256 256 256 256 256 256 256 256 256 256 256 256 256 256 256 256 256 254 256 256 253 256 256 256 256 256 256 256 256 176 254 30 256 256 256 256 256 94 256 256 0 254 253 256 256 256 256 256 254 256 253 253 256 253 256 256 256 256 0 73 256 256 256 254 256 256 256 256 254 253 256 256 256 256 256 256 256 256 256 256 256 253 256 256 256 256 256 256 
0 1 1 1 1 1 1 0 1 0 1 1 1 1 1 1 1 1 1 1 1 1 1 1 1 1 1 1 1 0 1 1 0 1 1 1 1 0 1 1 1 0 1 0 1 1 1 1 1 0 1 1 0 0 0 1 1 1 1 1 0 1 0 0 1 0 1 1 1 1 0 0 1 0 1 0 1 1 1 1 0 0 1 1 1 1 1 1 1 1 1 1 1 0 1 1 1 1 1 1 	0 256 256 256 256 256 256 253 256 253 256 256 256 256 256 256 256 256 256 256 256 256 256 256 256 256 256 256 256 253 256 256 253 256 256 256 256 253 256 256 256 253 256 254 256 256 256 256 256 254 256 256 0 117 253 256 256 256 256 256 253 256 253 253 256 131 256 256 256 256 253 254 256 0 256 254 256 256 256 256 0 253 256 256 256 256 256 256 256 256 256 256 256 253 256 256 256 256 256 256 
0 1 1 1 1 1 1 0 1 0 0 1 1 1 1 1 1 1 1 1 1 1 1 1 1 1 1 1 1 0 1 1 0 1 1 1 1 0 1 1 1 0 1 0 1 1 1 1 1 0 1 1 0 0 0 1 1 1 1 1 0 1 0 0 1 0 1 1 1 1 0 0 1 0 1 0 1 1 1 1 0 0 1 1 1 1 1 1 1 1 1 1 1 1 1 1 1 1 1 1 	253 256 256 256 256 256 256 253 256 194 253 256 256 256 256 256 256 256 256 256 256 256 256 256 256 256 256 256 256 253 256 256 66 256 256 256 256 253 256 256 256 251 256 254 256 256 256 256 256 254 256 256 253 253 253 256 256 256 256 256 250 256 253 254 256 253 256 256 256 256 253 79 256 253 256 73 256 256 256 256 254 46 256 256 256 256 256 256 256 256 256 256 256 256 256 256 256 256 256 256 
0 1 1 1 1 1 1 0 1 1 0 1 1 1 1 1 1 1 1 1 1 1 1 1 1 1 1 1 1 0 1 1 0 1 1 1 1 0 1 1 1 0 1 0 1 1 1 1 1 0 1 1 0 0 0 1 1 1 1 1 0 1 0 0 1 0 1 1 1 1 0 0 1 0 1 1 1 1 1 1 0 0 1 1 1 1 1 1 1 0 1 1 1 1 1 1 1 1 1 1 	253 256 256 256 256 256 256 0 256 256 0 256 256 256 256 256 256 256 256 256 256 256 256 256 256 256 256 256 256 253 256 256 253 256 256 256 256 253 256 256 256 253 256 253 256 256 256 256 256 253 256 256 79 253 177 256 256 256 256 256 33 256 253 253 256 208 256 256 256 256 253 0 256 253 256 256 256 256 256 256 0 253 256 256 256 256 256 256 256 0 256 256 256 256 256 256 256 256 256 256 
0 1 1 1 1 1 1 0 1 0 0 1 1 1 1 1 1 1 1 1 1 1 1 1 1 1 1 1 1 0 1 1 0 0 1 1 1 0 1 1 1 0 1 0 1 1 1 1 1 0 1 1 0 0 0 1 1 1 1 1 0 1 0 0 1 0 1 1 1 1 0 0 1 0 1 0 1 1 1 1 0 0 1 1 1 1 1 1 1 0 1 1 1 1 1 1 1 1 1 1 	253 256 256 256 256 256 256 254 256 61 253 256 256 256 256 256 256 256 256 256 256 256 256 256 256 256 256 256 256 253 256 256 253 253 256 256 256 254 256 256 256 253 256 0 256 256 256 256 256 253 256 256 253 253 253 256 256 256 256 256 253 256 253 201 256 253 256 256 256 256 239 0 256 48 256 0 256 256 256 256 165 153 256 256 256 256 256 256 256 0 256 256 256 256 256 256 256 256 256 256 
0 1 1 1 1 1 1 0 1 0 0 1 1 1 1 1 1 1 1 1 1 1 1 1 1 1 1 1 1 0 1 1 0 1 1 1 0 0 1 1 1 0 1 0 1 1 1 1 1 0 1 1 0 0 0 1 1 1 1 1 1 1 0 0 1 1 1 1 1 1 0 0 1 1 1 0 1 1 1 1 1 0 1 1 1 1 1 1 1 1 1 1 1 0 1 1 1 1 1 1 	253 256 256 256 256 256 256 253 256 253 253 256 256 256 256 256 256 256 256 256 256 256 256 256 256 256 256 256 256 254 256 256 254 256 256 256 9 253 256 256 256 254 256 253 256 256 256 256 256 253 256 256 0 0 253 256 256 256 256 256 256 256 253 253 256 256 256 256 256 256 253 254 256 256 256 253 256 256 256 256 256 0 256 256 256 256 256 256 256 256 256 256 256 253 256 256 256 256 256 256 
0 1 1 1 1 1 1 0 1 0 0 1 1 1 1 1 1 1 1 1 1 1 1 1 1 1 1 1 1 0 1 1 0 1 1 1 1 0 1 1 1 0 1 0 1 1 1 1 1 0 1 1 0 1 0 1 1 1 1 1 0 1 0 0 1 0 1 1 1 1 0 0 1 0 1 0 1 1 1 1 0 0 1 1 1 1 1 1 1 1 1 1 1 0 1 1 1 1 1 1 	253 256 256 256 256 256 256 0 256 254 253 256 256 256 256 256 256 256 256 256 256 256 256 256 256 256 256 256 256 253 256 256 184 256 256 256 256 253 256 256 256 221 256 253 256 256 256 256 256 254 256 256 0 256 254 256 256 256 256 256 253 256 0 253 256 126 256 256 256 256 254 184 256 253 256 253 256 256 256 256 253 253 256 256 256 256 256 256 256 256 256 256 256 0 256 256 256 256 256 256 
0 1 1 1 1 1 1 0 1 0 0 1 1 1 1 1 1 1 1 1 1 1 1 1 1 1 1 1 1 0 1 1 0 1 1 1 1 0 1 1 1 0 1 0 1 1 1 1 1 0 1 1 0 0 0 1 1 1 1 1 0 1 0 0 1 0 1 1 1 1 0 0 1 0 1 0 1 1 1 1 0 0 1 1 1 1 1 1 1 0 1 1 1 1 1 1 1 1 1 1 	253 256 256 256 256 256 256 37 256 253 253 256 256 256 256 256 256 256 256 256 256 256 256 256 256 256 256 256 256 253 256 256 37 256 256 256 256 253 256 256 256 87 256 253 256 256 256 256 256 254 256 256 253 71 253 256 256 256 256 256 0 256 253 254 256 0 256 256 256 256 253 0 256 253 256 254 256 256 256 256 0 253 256 256 256 256 256 256 256 38 256 256 256 256 256 256 256 256 256 256 
0 1 1 1 1 1 1 0 1 0 0 1 1 1 1 1 1 1 1 1 1 1 1 1 1 1 1 1 1 0 1 1 1 1 1 1 1 1 1 1 1 0 0 0 1 1 1 1 1 0 1 1 0 0 0 1 1 1 1 1 0 1 1 0 1 0 1 1 1 1 0 0 1 1 1 0 1 1 0 1 0 0 1 1 1 1 1 1 1 0 1 1 1 1 1 1 1 1 1 1 	0 256 256 256 256 256 256 0 256 253 191 256 256 256 256 256 256 256 256 256 256 256 256 256 256 256 256 256 256 253 256 256 256 256 256 256 256 256 256 256 256 0 179 254 256 256 256 256 256 254 256 256 192 254 0 256 256 256 256 256 0 256 256 254 256 147 256 256 256 256 0 0 256 256 256 254 256 256 253 256 253 253 256 256 256 256 256 256 256 253 256 256 256 256 256 256 256 256 256 256 
0 1 1 1 1 1 1 0 1 0 1 1 1 1 1 1 1 1 1 1 1 1 1 1 1 1 1 1 1 0 1 1 0 1 1 1 1 0 1 1 1 0 1 0 1 1 1 1 1 0 1 1 0 0 0 1 1 1 1 1 0 1 0 0 1 0 1 1 1 1 0 0 1 0 1 0 1 1 1 1 0 0 1 1 1 1 1 1 1 1 1 1 1 0 1 1 1 1 1 1 	253 256 256 256 256 256 256 253 256 253 256 256 256 256 256 256 256 256 256 256 256 256 256 256 256 256 256 256 256 253 256 256 254 256 256 256 256 254 256 256 256 254 256 253 256 256 256 256 256 253 256 256 0 253 253 256 256 256 256 256 253 256 253 253 256 253 256 256 256 256 253 90 256 0 256 226 256 256 256 256 253 233 256 256 256 256 256 256 256 256 256 256 256 253 256 256 256 256 256 256 
0 1 1 1 1 1 1 0 1 0 0 1 1 1 1 1 1 1 1 1 1 1 1 1 1 1 1 1 1 0 1 1 0 1 1 1 1 0 1 1 1 0 1 0 1 1 1 1 1 0 1 1 0 0 0 1 1 1 1 1 0 1 0 0 1 0 1 1 1 1 0 0 1 0 1 0 1 1 1 1 0 0 1 1 1 1 1 1 1 1 1 1 1 0 1 1 1 1 1 1 	253 256 256 256 256 256 256 254 256 253 253 256 256 256 256 256 256 256 256 256 256 256 256 256 256 256 256 256 256 253 256 256 0 256 256 256 256 254 256 256 256 16 256 185 256 256 256 256 256 253 256 256 0 253 253 256 256 256 256 256 253 256 253 253 256 253 256 256 256 256 254 253 256 254 256 253 256 256 256 256 174 253 256 256 256 256 256 256 256 256 256 256 256 253 256 256 256 256 256 256 
1 1 1 1 1 1 1 0 1 0 0 1 1 1 1 1 1 1 1 1 1 1 1 1 1 1 1 1 1 0 1 1 0 1 1 1 1 1 1 1 1 0 0 0 1 1 1 1 1 0 1 1 0 0 0 1 1 1 1 1 0 1 0 0 1 0 1 1 1 1 0 0 1 1 1 0 1 1 1 1 0 0 1 1 1 1 1 1 1 1 1 1 1 1 1 1 1 1 1 1 	256 256 256 256 256 256 256 253 256 253 253 256 256 256 256 256 256 256 256 256 256 256 256 256 256 256 256 256 256 253 256 256 253 256 256 256 256 256 256 256 256 253 253 253 256 256 256 256 256 253 256 256 253 253 253 256 256 256 256 256 253 256 253 0 256 253 256 256 256 256 0 211 256 256 256 253 256 256 256 256 253 253 256 256 256 256 256 256 256 256 256 256 256 256 256 256 256 256 256 256 
0 1 1 1 1 1 1 0 1 1 0 1 1 1 1 1 1 1 1 1 1 1 1 1 1 1 1 1 1 0 1 1 0 1 1 1 1 0 1 1 1 0 1 0 1 1 1 1 1 0 1 1 0 0 0 1 1 1 1 1 0 1 0 0 1 0 1 1 1 1 0 0 1 0 1 1 1 1 1 1 0 0 1 1 1 1 1 1 1 0 1 1 1 1 1 1 1 1 1 1 	253 256 256 256 256 256 256 117 256 256 0 256 256 256 256 256 256 256 256 256 256 256 256 256 256 256 256 256 256 253 256 256 253 256 256 256 256 253 256 256 256 253 256 253 256 256 256 256 256 174 256 256 163 253 206 256 256 256 256 256 253 256 253 227 256 253 256 256 256 256 253 0 256 253 256 256 256 256 256 256 253 253 256 256 256 256 256 256 256 253 256 256 256 256 256 256 256 256 256 256 
0 1 1 1 1 1 1 0 1 0 0 1 1 1 1 1 1 1 1 1 1 1 1 1 1 1 1 1 1 0 1 1 0 1 1 1 1 0 1 1 1 0 1 0 1 1 1 1 1 0 1 1 0 0 0 1 1 1 1 1 0 1 0 0 1 0 1 1 1 1 0 0 1 0 1 0 1 1 1 1 0 0 1 1 1 1 1 1 1 1 1 1 1 0 1 1 1 1 1 1 	20 256 256 256 256 256 256 253 256 253 253 256 256 256 256 256 256 256 256 256 256 256 256 256 256 256 256 256 256 253 256 256 253 256 256 256 256 251 256 256 256 253 256 253 256 256 256 256 256 254 256 256 0 254 254 256 256 256 256 256 254 256 93 253 256 253 256 256 256 256 253 253 256 19 256 254 256 256 256 256 254 253 256 256 256 256 256 256 256 256 256 256 256 253 256 256 256 256 256 256 
0 1 1 1 1 1 1 0 1 0 0 1 1 1 1 1 1 1 1 1 1 1 1 1 1 0 1 1 1 0 1 1 1 1 1 1 0 0 1 1 1 0 1 0 1 1 1 1 1 0 1 1 0 0 0 1 1 1 1 1 0 1 0 0 1 1 1 1 1 1 0 0 1 1 1 0 1 1 0 1 0 0 0 1 1 1 1 1 1 1 1 1 1 0 1 1 1 1 1 1 	0 256 256 256 256 256 256 253 256 254 110 256 256 256 256 256 256 256 256 256 256 256 256 256 256 242 256 256 256 253 256 256 256 256 256 256 254 253 256 256 256 0 256 254 256 256 256 256 256 254 256 256 0 218 253 256 256 256 256 256 0 256 253 253 256 256 256 256 256 256 253 253 256 256 256 253 256 256 0 256 253 0 248 256 256 256 256 256 256 256 256 256 256 0 256 256 256 256 256 256 
0 1 1 1 1 1 1 0 1 0 0 1 1 1 1 1 1 1 1 1 1 1 1 1 1 1 1 1 1 0 1 1 0 1 1 1 1 0 1 1 1 0 1 0 1 1 1 1 1 0 1 1 0 1 0 1 1 1 1 1 0 1 0 0 1 0 1 1 1 1 0 0 1 0 1 0 1 1 1 1 0 0 1 1 1 1 1 1 1 1 1 1 1 1 1 1 1 1 1 1 	253 256 256 256 256 256 256 0 256 253 253 256 256 256 256 256 256 256 256 256 256 256 256 256 256 256 256 256 256 253 256 256 253 256 256 256 256 253 256 256 256 253 256 253 256 256 256 256 256 253 256 256 253 256 253 256 256 256 256 256 254 256 0 253 256 253 256 256 256 256 253 254 256 55 256 253 256 256 256 256 254 253 256 256 256 256 256 256 256 256 256 256 256 256 256 256 256 256 256 256 
0 1 1 1 1 1 1 0 1 0 0 1 1 1 1 1 1 1 1 1 1 1 1 1 1 1 1 0 1 0 1 1 1 1 1 1 1 0 1 1 1 0 1 0 1 1 1 0 1 0 1 1 0 0 1 1 1 1 1 1 0 1 0 0 1 0 1 1 1 1 0 0 1 0 1 0 1 1 0 1 0 0 0 1 1 1 1 1 1 1 1 1 1 1 1 1 1 1 1 1 	253 256 256 256 256 256 256 253 256 63 34 256 256 256 256 256 256 256 256 256 256 256 256 256 256 256 256 190 256 0 256 256 256 256 256 256 256 253 256 256 256 0 256 253 256 256 256 102 256 0 256 256 253 253 256 256 256 256 256 256 253 256 253 253 256 99 256 256 256 256 253 254 256 235 256 77 256 256 0 256 253 253 82 256 256 256 256 256 256 256 256 256 256 256 256 256 256 256 256 256 
0 1 1 1 1 1 1 0 1 1 0 1 1 1 1 1 1 1 1 1 1 1 1 1 1 1 1 1 1 0 1 1 0 1 1 1 1 1 1 1 1 0 0 0 1 1 1 1 1 0 1 1 0 0 0 1 1 1 1 1 0 1 0 0 1 0 1 1 1 1 0 0 1 1 1 1 1 1 1 1 0 0 1 1 1 1 1 1 1 1 1 1 1 0 1 1 1 1 1 1 	253 256 256 256 256 256 256 253 256 256 0 256 256 256 256 256 256 256 256 256 256 256 256 256 256 256 256 256 256 254 256 256 0 256 256 256 256 256 256 256 256 255 253 254 256 256 256 256 256 255 256 256 0 124 253 256 256 256 256 256 253 256 253 253 256 139 256 256 256 256 0 254 256 256 256 256 256 256 256 256 254 253 256 256 256 256 256 256 256 256 256 256 256 253 256 256 256 256 256 256 
0 1 1 1 1 1 1 0 1 0 1 1 1 1 1 1 1 1 1 1 1 1 1 1 1 1 1 1 1 0 1 1 0 1 1 1 1 0 1 1 1 0 1 0 1 1 1 1 1 0 1 1 0 0 1 1 1 1 1 1 0 1 0 0 1 0 0 1 1 1 0 0 1 0 1 0 1 1 1 1 0 0 1 1 1 1 1 1 1 1 1 1 1 0 1 1 1 1 1 1 	254 256 256 256 256 256 256 253 256 221 256 256 256 256 256 256 256 256 256 256 256 256 256 256 256 256 256 256 256 0 256 256 253 256 256 256 256 20 256 256 256 254 256 254 256 256 256 256 256 255 256 256 0 253 256 256 256 256 256 256 254 256 254 253 256 253 254 256 256 256 234 253 256 0 256 102 256 256 256 256 253 203 256 256 256 256 256 256 256 256 256 256 256 253 256 256 256 256 256 256 
0 1 1 1 1 1 1 0 1 0 0 1 1 1 1 1 1 1 1 1 1 1 1 1 1 1 1 0 1 0 1 1 0 1 1 1 1 0 1 1 1 0 1 0 1 1 1 0 1 0 1 1 0 0 1 1 1 1 1 1 0 1 0 0 1 0 1 1 1 1 0 0 1 0 1 0 1 1 1 1 0 0 1 1 1 1 1 1 1 1 1 1 1 1 1 1 1 1 1 1 	0 256 256 256 256 256 256 253 256 247 253 256 256 256 256 256 256 256 256 256 256 256 256 256 256 256 256 254 256 0 256 256 27 256 256 256 256 253 256 256 256 255 256 253 256 256 256 113 256 0 256 256 253 206 256 256 256 256 256 256 0 256 255 253 256 0 256 256 256 256 99 254 256 253 256 253 256 256 256 256 253 253 256 256 256 256 256 256 256 256 256 256 256 256 256 256 256 256 256 256 
0 1 0 1 1 1 1 0 1 0 0 1 1 1 1 1 1 1 1 1 1 1 1 1 1 1 1 1 1 0 1 1 0 1 1 1 1 1 1 1 1 0 0 0 1 1 1 1 1 0 1 1 0 0 0 1 1 1 1 1 0 1 0 0 1 0 1 1 1 1 0 0 1 1 1 0 1 1 1 1 0 0 1 1 1 1 1 1 1 1 1 1 1 0 1 1 1 1 1 1 	253 256 101 256 256 256 256 253 256 0 253 256 256 256 256 256 256 256 256 256 256 256 256 256 256 256 256 256 256 253 256 256 25 256 256 256 256 256 256 256 256 12 253 253 256 256 256 256 256 253 256 256 0 254 253 256 256 256 256 256 0 256 253 253 256 37 256 256 256 256 0 102 256 256 256 254 256 256 256 256 253 253 256 256 256 256 256 256 256 256 256 256 256 253 256 256 256 256 256 256 
0 1 1 1 1 1 1 0 1 1 0 1 1 1 1 1 1 1 1 1 1 1 1 1 1 1 1 1 1 0 1 1 0 1 1 1 1 0 1 1 1 0 1 0 1 1 1 1 1 0 1 1 0 0 0 1 1 1 1 1 0 1 0 0 1 0 1 1 1 1 0 0 1 0 1 1 1 1 1 1 0 0 1 1 1 1 1 1 1 1 1 1 1 0 1 1 1 1 1 1 	209 256 256 256 256 256 256 253 256 256 0 256 256 256 256 256 256 256 256 256 256 256 256 256 256 256 256 256 256 253 256 256 253 256 256 256 256 253 256 256 256 253 256 254 256 256 256 256 256 173 256 256 0 253 253 256 256 256 256 256 253 256 253 111 256 0 256 256 256 256 231 254 256 113 256 256 256 256 256 256 254 253 256 256 256 256 256 256 256 256 256 256 256 0 256 256 256 256 256 256 
0 1 1 1 1 1 1 0 1 0 0 1 1 1 1 1 1 1 1 1 1 1 1 1 1 1 1 1 1 0 1 1 0 1 1 1 1 0 1 1 1 0 1 0 1 1 1 1 1 0 1 1 0 0 0 1 1 1 1 1 0 1 0 0 1 0 1 1 1 1 0 0 1 0 1 0 1 1 1 1 0 0 1 1 1 1 1 1 1 1 1 1 1 1 1 1 1 1 1 1 	253 256 256 256 256 256 256 253 256 253 253 256 256 256 256 256 256 256 256 256 256 256 256 256 256 256 256 256 256 253 256 256 253 256 256 256 256 253 256 256 256 253 256 253 256 256 256 256 256 254 256 256 253 254 253 256 256 256 256 256 253 256 253 254 256 254 256 256 256 256 253 253 256 254 256 254 256 256 256 256 0 254 256 256 256 256 256 256 256 256 256 256 256 256 256 256 256 256 256 256 
