num. condizioni iniziali:100
contatori ai tempi di decadimento:
0 256 256 256 256 256 256 254 256 255 0 256 256 256 256 256 256 256 0 256 256 256 256 0 256 256 256 256 256 255 256 0 10 256 0 256 256 254 256 256 0 255 256 254 256 256 256 256 256 48 256 256 184 96 254 256 256 256 256 256 0 256 254 254 256 254 256 0 0 256 254 255 256 254 256 0 256 256 256 0 254 254 256 256 256 256 256 256 256 256 256 256 256 256 256 256 256 256 256 256 
256 256 256 256 256 256 256 254 256 256 0 256 256 0 0 256 256 256 256 0 256 256 256 256 256 256 0 256 256 254 256 256 254 256 256 256 256 0 256 256 0 0 256 255 256 256 256 256 256 254 256 256 0 0 0 256 256 256 256 256 256 256 256 0 256 254 256 0 256 256 254 0 256 254 256 256 256 256 256 256 0 254 256 256 256 256 256 256 256 256 0 256 256 65 256 256 256 256 256 256 
254 0 0 256 256 256 256 254 0 255 254 256 256 256 256 256 256 256 0 256 256 256 256 256 256 0 256 256 256 254 256 256 255 0 256 256 256 256 256 256 256 255 255 254 256 256 256 256 256 255 256 256 254 254 254 256 256 0 256 256 254 256 254 140 256 255 256 256 256 256 0 254 256 256 256 205 256 256 256 256 254 0 256 0 256 256 256 256 256 256 256 256 256 256 256 256 0 256 256 256 
0 256 256 256 0 256 256 0 256 173 83 256 256 256 256 256 256 256 254 256 59 256 256 256 0 256 256 256 256 254 256 256 254 256 0 256 256 256 256 256 256 254 0 254 256 256 0 256 256 255 0 256 0 254 254 256 256 256 256 256 254 256 254 254 256 254 256 256 256 256 0 254 256 256 256 256 256 256 0 256 254 254 0 256 0 256 256 256 256 256 256 256 256 256 256 256 256 256 256 256 
256 256 256 256 256 254 0 256 256 188 254 256 256 256 256 256 256 256 256 256 0 256 256 256 256 0 256 256 256 254 256 256 256 256 256 256 256 0 256 0 256 0 256 254 256 256 0 256 256 136 256 256 141 254 0 256 256 256 256 256 254 256 254 0 256 0 256 256 256 256 254 0 256 254 256 254 0 256 0 256 254 0 254 256 256 256 256 256 256 256 256 256 256 254 256 256 256 256 256 256 
254 256 256 256 256 256 256 55 256 256 0 256 256 256 256 256 256 0 256 256 256 256 256 256 256 256 0 256 256 254 256 256 254 256 256 0 256 0 256 256 0 0 256 254 0 256 256 256 256 254 256 256 38 254 199 256 256 256 256 256 254 256 254 254 256 255 256 256 256 256 75 0 256 152 256 256 0 256 256 256 254 255 256 256 256 256 256 256 256 256 256 256 256 256 256 256 256 256 0 256 
0 256 256 256 256 256 256 143 256 116 254 0 256 256 256 256 0 256 0 256 256 256 256 0 256 256 0 256 256 254 256 256 140 237 256 256 256 0 256 256 256 254 256 254 256 256 0 256 256 254 256 256 254 254 254 256 256 256 256 0 216 256 254 256 256 98 256 256 256 254 254 254 256 254 256 0 256 256 256 256 254 254 256 256 256 256 256 256 256 256 0 0 256 256 256 256 256 256 0 256 
156 256 0 256 256 256 256 254 256 256 0 256 256 256 256 256 256 256 256 256 256 256 0 256 0 256 256 256 256 0 256 256 255 256 256 256 256 254 256 0 256 255 256 254 256 256 256 256 255 254 256 256 66 255 256 256 256 0 256 256 255 256 254 5 256 254 149 256 256 256 254 89 256 254 256 256 256 256 256 256 255 0 256 256 256 0 256 0 256 256 256 256 256 171 256 0 256 256 256 256 
254 256 170 256 256 256 256 255 0 0 254 256 256 256 256 256 256 256 256 0 256 256 256 256 256 256 256 256 0 254 256 256 254 256 0 256 256 255 256 256 256 0 256 0 256 256 256 256 256 255 256 256 254 256 0 256 256 256 256 256 254 256 0 255 0 254 256 256 256 256 254 0 256 256 256 254 0 256 256 256 254 254 256 256 256 256 256 256 256 50 256 0 256 256 256 256 256 256 256 256 
254 256 256 256 256 256 256 0 256 0 254 256 256 256 256 256 256 256 256 256 256 256 256 256 256 0 256 256 256 254 256 256 255 256 256 0 256 256 256 256 256 255 0 0 256 256 0 256 256 255 256 256 254 0 101 256 256 256 256 256 254 256 254 254 256 237 256 256 256 256 0 254 256 0 0 254 256 256 256 256 254 254 256 256 0 256 256 0 256 256 256 256 256 256 256 256 256 256 256 256 
0 256 256 256 256 256 256 254 256 255 254 256 256 256 0 0 256 256 256 256 256 256 256 256 256 0 256 256 256 255 256 256 254 256 256 256 256 254 0 256 256 0 0 254 256 256 256 256 256 254 256 256 254 140 0 256 256 256 0 256 236 256 256 254 256 0 256 256 0 256 255 255 256 254 256 254 256 256 256 256 254 254 256 256 256 0 256 256 256 256 256 256 256 256 256 256 256 256 256 256 
256 256 256 256 256 256 256 255 256 254 254 256 256 256 256 256 256 256 256 0 256 256 0 256 256 256 256 256 256 254 256 0 254 256 256 0 256 0 256 256 256 254 256 254 256 256 256 256 256 213 256 256 0 254 254 256 256 256 256 256 254 256 254 0 256 254 256 256 256 256 254 255 256 254 256 254 256 256 256 256 254 254 256 256 0 256 256 256 256 0 256 256 256 256 256 256 0 256 256 0 
64 256 256 0 256 256 256 0 256 255 254 256 256 256 256 256 256 256 152 256 256 0 256 256 256 256 0 53 0 193 0 256 255 256 256 256 256 254 256 256 256 255 256 254 0 256 0 0 51 0 256 256 254 254 0 256 256 256 256 256 0 256 256 254 256 158 256 256 0 256 0 0 0 254 256 254 256 256 256 256 0 254 0 256 256 256 256 256 256 0 0 256 256 256 256 256 256 256 256 256 
254 256 256 256 256 256 256 254 0 256 0 256 256 0 256 256 256 256 256 256 256 0 256 256 256 256 0 256 256 254 256 256 174 256 256 256 256 0 256 256 256 254 256 255 256 256 256 256 256 255 256 256 0 0 254 0 256 256 256 256 254 256 254 254 256 255 256 256 0 254 254 107 256 254 256 256 0 256 256 256 254 255 256 256 256 256 256 256 256 256 0 256 256 254 0 256 256 256 256 256 
254 256 0 256 256 256 256 0 256 256 254 256 256 0 256 0 256 256 256 256 256 256 0 256 256 256 0 256 256 254 0 0 254 256 256 256 256 256 256 256 256 254 0 255 256 256 256 256 256 256 256 256 0 256 254 256 256 256 256 256 120 256 0 255 256 254 256 256 256 256 0 254 256 256 256 255 256 256 256 256 255 254 256 0 256 256 256 256 256 0 0 0 256 256 256 256 256 256 256 256 
170 256 256 256 256 256 256 255 256 254 254 256 256 256 256 256 256 256 256 0 256 256 256 256 256 256 256 0 0 254 256 256 256 256 256 256 256 256 256 0 256 256 254 254 256 256 256 256 254 0 256 256 0 255 16 256 0 256 256 256 255 256 246 254 256 0 256 0 256 256 0 0 256 0 256 255 256 256 256 0 255 254 256 256 256 256 256 256 0 254 256 0 256 255 0 256 256 256 256 256 
254 256 256 256 256 256 256 254 256 256 0 256 256 256 0 256 256 0 254 256 256 256 256 0 256 256 256 255 256 254 0 256 254 256 256 256 256 254 256 256 256 254 256 254 34 256 256 254 256 0 256 256 0 0 255 256 256 256 256 256 256 0 0 254 256 164 256 256 256 256 0 0 0 52 256 256 256 256 0 256 256 254 0 256 256 256 256 256 256 12 256 256 256 256 256 256 256 256 256 256 
254 256 256 256 256 256 256 254 256 254 254 256 256 256 256 0 0 256 256 256 256 256 256 256 256 256 256 256 256 0 256 256 256 256 256 256 256 256 256 256 256 0 254 254 256 256 256 256 0 255 0 256 254 254 256 256 256 256 256 256 254 256 36 254 256 140 256 256 256 0 0 255 256 256 256 254 0 256 0 256 254 254 254 0 256 256 256 256 0 256 0 256 0 256 256 256 256 256 256 256 
256 256 256 256 256 256 256 0 256 254 254 256 256 256 256 256 256 256 0 256 256 256 256 256 256 256 0 238 256 254 256 256 256 256 256 256 0 254 256 256 256 0 256 0 256 256 256 256 256 0 256 256 108 0 255 256 256 256 256 256 256 256 254 0 256 256 0 256 256 256 233 120 256 256 256 255 256 256 256 0 256 0 256 256 0 256 256 256 256 256 198 256 256 0 256 256 256 256 256 256 
254 256 256 256 256 256 256 254 256 254 254 256 256 0 256 256 256 256 256 256 256 256 256 256 256 256 256 256 256 0 256 0 19 256 256 256 256 256 256 256 256 0 101 0 256 256 0 256 256 255 256 256 0 0 256 256 256 256 256 256 256 256 254 254 256 254 254 256 256 256 0 0 0 256 256 254 256 256 256 256 256 254 0 256 256 0 256 256 256 0 256 256 0 254 256 256 256 0 256 256 
256 256 256 256 256 256 256 254 256 254 254 256 256 256 256 256 0 256 256 256 256 256 256 256 256 256 256 256 256 254 256 256 256 256 256 256 256 255 256 256 256 0 256 0 256 256 256 256 0 254 256 256 24 254 255 0 256 256 256 256 254 256 254 204 256 254 256 256 256 256 0 254 256 255 256 0 256 0 86 256 0 254 256 256 256 0 256 256 256 256 256 256 256 256 256 256 256 256 256 256 
0 256 256 256 256 256 256 254 256 256 0 256 256 256 256 256 0 256 256 256 256 256 256 256 256 256 256 0 0 254 256 256 255 256 256 256 256 0 0 256 256 255 256 254 0 256 256 256 256 255 256 256 119 254 254 256 256 256 0 256 0 256 227 254 256 256 256 256 256 254 254 254 256 256 256 256 256 256 0 256 254 0 256 256 256 256 0 0 256 256 256 256 0 256 256 256 256 256 256 256 
256 0 33 256 256 0 256 254 0 0 254 256 256 256 256 0 256 256 0 256 256 256 256 256 256 256 256 256 256 254 0 0 254 256 256 256 256 256 256 256 256 0 256 254 256 256 256 256 256 254 256 256 0 0 254 256 0 256 256 256 256 256 41 0 256 95 256 256 256 256 254 0 256 256 256 211 256 256 256 256 256 254 256 256 0 256 256 256 256 254 0 256 256 126 256 256 256 256 256 256 
233 256 256 256 256 256 256 254 256 255 254 256 0 256 256 256 256 256 0 256 256 256 256 256 256 256 256 256 256 254 256 256 254 256 256 256 256 254 256 256 256 255 256 254 256 256 0 256 256 65 0 0 254 0 254 256 256 256 0 256 256 256 255 0 256 256 0 256 256 256 0 0 256 256 256 255 256 256 256 256 256 0 256 256 256 256 256 256 256 254 256 256 0 256 256 256 256 256 256 256 
0 256 256 256 0 256 256 255 256 0 255 256 256 256 256 256 256 256 0 0 256 256 256 256 256 256 256 256 256 254 256 256 0 256 256 256 256 256 256 256 256 254 1 111 256 256 256 0 256 254 256 256 254 254 254 256 256 256 256 256 0 256 254 0 256 256 256 256 256 256 0 196 256 256 256 254 256 256 256 256 0 0 256 256 256 256 256 0 0 256 256 256 256 0 0 256 256 256 0 256 
254 256 256 256 256 256 256 254 256 254 254 256 256 256 256 256 256 256 256 256 256 0 256 256 256 256 256 256 256 254 0 256 256 256 256 256 256 254 256 256 256 0 256 254 256 256 256 0 256 254 256 256 0 213 254 256 256 256 256 256 0 256 254 254 256 254 256 256 256 256 255 0 256 254 256 254 256 256 254 256 0 254 256 256 256 0 0 0 256 0 256 256 256 131 256 256 256 0 256 256 
0 256 0 256 256 256 256 255 256 254 254 256 256 256 256 256 256 256 256 256 256 0 256 0 0 256 256 256 256 255 256 256 254 256 256 256 256 254 256 256 256 254 0 254 256 0 256 256 256 0 256 0 0 168 0 256 256 256 256 256 0 254 256 254 256 255 256 256 256 256 67 254 256 254 256 254 256 256 256 256 79 255 256 256 256 256 256 256 256 256 256 256 256 256 256 256 256 0 256 256 
79 0 256 256 256 256 256 255 256 256 0 256 256 0 256 256 256 256 256 256 256 0 256 256 256 256 256 256 256 0 256 256 256 256 256 256 256 179 256 256 256 0 256 254 256 256 256 256 0 254 256 256 23 254 254 256 256 256 256 256 0 256 94 254 0 254 256 256 256 256 254 254 256 254 256 256 256 256 0 256 254 254 256 256 256 256 256 256 256 256 256 256 0 256 256 256 0 256 256 256 
254 256 254 256 256 256 256 254 256 0 254 256 256 0 256 256 256 256 256 0 256 256 256 256 256 256 256 256 256 254 256 256 254 256 256 0 0 254 256 256 256 254 256 255 256 256 256 256 0 254 256 256 0 254 0 256 256 256 256 256 0 256 256 254 256 254 256 256 256 256 254 0 256 256 256 0 256 256 256 256 255 204 256 256 256 256 256 256 256 254 256 256 256 0 256 256 0 256 256 256 
256 256 256 256 0 256 256 0 256 254 254 256 256 256 256 256 256 256 256 256 256 256 256 256 256 256 256 0 0 248 256 0 104 256 256 256 256 254 256 256 256 254 0 254 256 256 256 256 256 125 256 0 232 254 254 256 256 256 256 256 254 0 254 0 256 256 256 256 256 256 254 254 256 256 256 254 256 256 256 256 254 0 256 256 0 256 0 256 256 256 256 256 256 256 256 256 256 256 256 256 
254 256 0 256 256 256 256 0 256 0 0 256 256 256 256 256 256 256 256 256 256 256 256 256 256 256 256 256 256 254 256 256 0 256 256 256 256 254 256 256 256 255 256 255 0 256 256 256 0 254 256 256 255 256 254 256 256 256 256 256 254 256 0 254 256 0 256 256 256 256 254 255 256 181 256 255 256 256 256 256 255 254 256 0 256 256 256 256 256 256 256 256 256 256 256 256 0 256 256 0 
0 256 254 256 0 0 256 109 256 0 254 256 256 0 256 0 256 256 256 256 0 256 256 256 256 256 256 256 256 254 256 256 254 256 256 256 256 255 256 256 256 254 256 255 256 256 256 256 256 43 256 256 0 255 254 256 256 0 256 256 255 256 81 254 256 254 256 256 256 256 254 224 256 256 256 255 0 256 256 256 255 254 255 256 256 256 256 256 256 256 0 256 256 256 256 256 256 256 256 256 
254 256 0 256 256 256 0 254 256 256 0 256 256 256 256 256 256 256 256 256 256 0 256 256 256 256 256 256 256 254 256 256 254 256 256 256 256 0 256 256 256 256 256 255 256 256 256 256 0 256 0 0 44 0 19 256 256 256 256 0 256 256 0 254 0 254 256 256 256 254 254 254 256 254 256 256 256 256 256 256 256 254 256 256 256 256 256 256 256 256 256 256 256 256 0 256 256 256 256 256 
254 256 0 256 256 256 256 254 256 255 254 256 256 0 256 256 256 0 256 256 256 256 256 0 256 256 256 0 256 254 256 256 256 256 256 256 256 254 256 256 256 256 256 254 256 256 256 256 256 70 0 256 254 134 254 256 256 256 0 256 219 256 255 254 256 254 256 256 256 0 254 119 0 254 256 254 256 256 256 256 0 254 256 256 256 256 256 256 256 256 256 256 0 256 256 256 256 256 256 256 
254 256 49 256 256 256 256 48 256 0 254 256 256 256 256 0 256 256 0 256 256 256 0 256 256 256 256 255 256 0 256 256 254 256 256 0 256 254 256 256 256 254 256 254 256 256 256 0 256 0 256 256 13 254 254 256 256 256 256 256 254 256 83 254 256 254 256 256 256 256 256 0 256 256 256 181 256 256 0 256 197 254 256 0 256 256 0 256 256 0 256 256 0 256 256 256 256 256 256 256 
0 256 254 256 256 0 256 255 256 0 255 256 256 0 256 256 256 256 256 256 0 256 256 256 256 256 256 256 256 254 256 256 0 254 256 256 256 120 256 256 256 254 256 254 256 256 0 256 256 254 0 256 0 254 17 256 256 256 0 256 254 256 256 254 0 254 256 256 256 256 254 127 256 256 256 0 256 256 256 0 254 254 256 256 256 256 256 256 256 256 256 256 256 254 256 256 256 256 256 256 
254 256 256 256 256 256 256 254 256 255 254 256 256 256 256 256 256 256 256 256 256 0 0 256 0 256 0 256 256 254 256 0 256 256 256 256 256 254 256 256 256 0 256 255 0 256 256 256 256 254 256 256 0 254 254 256 256 256 256 256 254 0 254 137 256 254 256 256 256 256 254 0 0 254 256 254 256 256 254 256 255 69 256 0 256 256 256 256 256 254 256 256 256 134 256 256 256 256 0 256 
254 256 256 256 256 256 256 199 256 69 200 256 256 256 256 256 256 0 0 256 254 256 256 256 256 256 256 256 256 254 256 256 254 256 256 256 256 254 0 256 256 254 0 254 256 0 256 256 256 254 256 256 254 256 219 256 256 256 256 256 255 256 91 254 256 254 256 256 256 0 254 254 256 158 256 256 256 256 256 256 255 47 256 256 256 256 0 256 256 256 256 256 0 256 256 0 256 256 256 256 
0 256 256 256 256 256 256 192 256 256 0 256 256 256 256 256 0 256 256 256 256 256 256 256 256 256 0 256 256 197 256 0 255 256 256 256 256 256 256 256 256 255 0 254 256 256 256 256 256 255 256 256 168 0 254 256 0 256 256 256 256 256 254 0 0 256 256 256 256 256 0 181 256 256 256 0 256 256 256 0 256 0 256 0 256 256 256 256 256 256 254 256 256 256 256 256 0 256 256 256 
256 256 256 256 256 256 256 0 256 255 254 256 256 256 256 256 256 0 256 256 256 256 0 256 256 256 0 256 256 0 256 256 245 256 256 256 256 256 256 256 256 96 0 41 256 256 256 256 256 219 256 256 254 255 255 256 256 0 256 256 176 256 12 0 256 254 256 256 256 256 0 254 256 256 256 255 256 0 256 256 0 231 256 256 256 256 256 256 256 256 0 0 256 0 256 256 256 256 256 256 
0 256 256 256 256 256 256 0 256 254 254 256 256 256 256 256 256 0 256 256 256 256 0 256 256 0 256 256 256 254 256 256 254 254 256 256 256 254 256 256 256 254 256 255 0 0 256 256 256 254 256 256 38 254 254 256 256 256 0 256 254 256 254 255 256 46 256 256 256 256 254 0 256 254 256 0 256 256 256 256 254 254 256 256 256 256 0 256 256 254 256 256 256 256 0 256 256 256 256 256 
1 256 256 256 256 256 256 79 256 255 254 256 256 256 256 256 256 256 256 256 256 256 0 256 256 256 256 256 256 254 256 256 255 256 256 256 256 256 256 256 256 255 0 254 256 256 0 256 0 254 256 256 254 0 254 256 256 256 256 256 254 256 0 254 256 0 256 256 256 0 0 175 256 256 256 254 256 256 0 256 254 0 0 256 256 256 256 256 256 256 256 256 256 256 256 256 256 256 256 256 
254 256 256 256 256 256 256 255 256 255 92 256 256 256 256 256 256 0 256 0 256 0 256 256 0 256 256 256 256 0 256 0 254 256 256 256 256 256 256 0 256 255 0 254 256 256 256 0 256 255 256 256 0 0 256 256 256 256 256 256 256 256 255 254 256 254 0 256 256 256 0 254 256 256 256 254 256 256 256 256 256 254 256 256 256 256 256 256 256 256 256 256 256 0 256 0 256 256 256 256 
254 256 0 256 256 256 256 255 256 256 0 256 256 256 256 256 256 256 256 256 256 256 256 0 256 256 256 256 256 254 256 256 255 256 256 256 0 256 256 256 256 255 254 254 256 256 0 256 21 254 256 256 0 142 254 256 256 256 0 256 256 0 254 166 256 256 256 256 256 256 0 0 256 256 256 256 256 256 256 256 256 0 0 0 0 256 256 256 256 254 256 256 256 256 256 256 256 256 256 256 
0 256 254 256 256 256 256 0 256 0 254 256 256 256 256 256 256 256 256 256 256 256 256 256 0 256 256 256 256 254 0 256 256 256 256 256 256 0 256 256 256 256 256 255 256 256 256 256 256 254 256 256 254 254 254 0 0 256 256 256 29 256 254 255 256 254 256 0 256 0 254 0 256 0 256 55 0 256 256 256 0 254 254 256 256 256 256 256 256 256 256 256 0 256 256 256 256 256 256 256 
78 256 256 256 256 0 256 141 0 0 254 256 256 256 256 256 256 256 256 0 0 256 256 256 256 256 256 0 256 254 256 256 254 256 0 256 256 198 256 256 256 254 256 254 256 256 256 256 256 255 256 256 184 256 254 256 256 256 256 256 254 256 0 90 0 254 256 256 256 256 254 254 256 0 256 254 256 256 256 256 254 151 0 256 256 256 256 256 256 256 256 0 256 256 256 0 256 256 256 256 
255 256 256 256 0 256 256 0 256 254 254 256 256 256 256 256 256 256 256 256 256 256 256 256 256 256 256 256 256 254 256 256 0 256 0 256 256 256 0 256 256 127 0 32 256 256 256 0 256 255 256 256 0 0 254 256 256 256 256 256 254 256 0 256 256 0 256 256 256 256 0 0 256 256 256 254 256 256 256 256 162 254 256 256 256 256 256 0 256 254 256 256 256 254 256 256 256 0 256 256 
254 0 256 256 256 256 256 0 256 254 254 256 256 256 0 256 256 256 256 256 256 256 0 256 256 256 0 256 256 198 256 256 254 256 256 256 256 254 0 256 256 254 256 255 256 256 256 256 256 255 256 256 254 181 254 0 256 256 256 256 254 256 254 30 256 254 256 0 256 256 255 0 256 141 256 254 256 256 256 0 255 254 0 256 256 256 256 256 256 254 256 256 256 256 256 256 256 256 0 256 
29 256 256 256 256 256 256 255 256 194 9 256 256 256 256 256 256 256 256 256 256 256 256 256 0 256 256 256 256 254 0 256 254 256 256 256 256 255 256 256 256 254 0 255 256 256 256 256 256 0 256 256 228 255 254 256 256 256 256 0 254 0 0 254 256 256 256 256 256 0 159 37 256 256 256 255 256 256 256 256 251 0 256 256 0 256 256 256 256 256 256 256 256 0 256 256 256 256 256 256 
0 0 256 256 256 0 0 0 256 0 254 256 256 256 256 256 256 256 256 256 256 256 256 256 256 256 256 246 256 255 256 256 125 256 256 256 256 254 0 256 256 222 256 255 256 256 256 255 256 0 256 256 254 255 255 256 256 256 256 256 254 0 254 14 0 256 0 256 256 256 254 224 256 256 256 255 256 256 256 256 255 0 256 256 256 256 256 256 256 256 256 256 256 256 256 256 256 256 256 256 
122 256 256 256 256 256 256 0 256 254 254 256 0 256 0 256 256 256 256 256 256 256 0 256 256 256 256 254 256 254 256 256 254 256 256 256 256 254 256 256 256 254 256 0 256 0 0 254 256 0 256 256 254 254 254 0 256 256 256 256 0 256 254 254 256 0 256 256 256 256 129 0 256 254 256 254 256 256 256 256 254 254 256 256 256 256 0 256 256 254 256 256 256 256 256 256 256 256 256 256 
256 256 256 256 256 256 256 254 256 255 254 0 256 256 256 256 256 256 256 256 256 256 256 256 256 256 256 256 256 126 0 256 255 256 256 256 256 0 256 256 0 255 256 255 256 256 256 256 256 254 256 256 0 254 0 256 256 0 256 0 254 256 256 0 256 0 256 256 256 256 254 0 256 254 256 254 256 256 256 256 254 148 256 256 0 256 256 256 0 108 256 256 256 128 256 0 256 256 256 256 
33 256 256 0 256 256 256 18 256 254 254 256 256 0 256 256 256 256 256 0 256 256 256 256 256 256 256 256 0 254 256 256 254 254 256 256 0 254 256 256 256 44 256 254 256 256 256 256 256 254 256 256 254 83 254 0 256 0 256 256 0 256 199 111 256 182 256 256 256 256 254 185 256 254 256 0 256 256 256 256 254 254 256 256 256 256 256 256 0 256 256 256 256 256 256 0 256 256 256 256 
256 256 256 256 256 256 256 254 256 256 0 256 256 256 0 256 256 256 256 256 256 256 256 256 256 256 256 256 256 254 256 256 254 0 0 0 256 254 256 256 256 256 256 254 256 256 256 0 256 256 256 256 0 256 255 0 256 256 256 256 254 256 88 0 256 254 256 256 256 256 254 59 256 254 256 255 0 256 256 256 254 254 256 256 256 256 256 256 256 0 256 256 256 0 256 256 256 256 256 256 
254 256 256 256 256 256 256 254 256 254 254 256 256 256 256 256 256 256 256 256 256 256 256 256 256 256 256 256 256 254 256 0 254 256 256 256 256 254 256 256 256 247 256 254 256 256 256 256 256 255 256 256 234 0 254 256 256 256 256 0 256 256 254 255 0 254 0 256 256 256 255 254 256 254 256 254 256 256 256 256 0 167 0 256 256 0 256 256 256 0 0 256 256 256 256 256 0 256 256 256 
255 256 256 256 0 256 256 254 256 254 179 0 256 256 256 256 256 256 256 256 256 256 256 256 256 256 256 256 256 255 0 256 254 256 256 256 256 254 256 256 256 255 256 254 256 256 256 0 256 256 256 256 254 254 254 256 256 256 0 256 255 256 255 216 256 254 256 256 256 256 95 0 256 254 0 254 256 256 256 0 254 254 256 256 256 256 0 256 256 254 0 256 256 256 256 256 256 0 256 256 
254 256 256 256 256 256 256 254 256 254 255 256 256 256 256 256 256 256 256 256 256 0 256 256 256 256 0 0 256 254 256 256 254 256 256 256 256 254 256 256 0 254 256 254 256 256 256 256 0 255 256 256 157 0 0 256 256 256 256 256 0 0 254 256 256 254 0 256 256 256 254 0 0 254 256 255 256 256 256 256 214 254 256 256 256 256 256 256 256 254 256 256 256 256 256 256 256 256 256 256 
236 0 254 256 256 256 256 254 256 129 139 256 256 256 256 256 256 256 256 0 256 256 256 256 256 256 256 256 256 254 256 256 254 254 256 256 256 256 256 256 0 254 255 255 0 256 256 256 256 254 256 256 254 254 254 256 0 0 256 256 254 256 254 254 256 256 256 256 256 256 0 0 256 256 256 0 256 256 0 256 255 0 256 256 256 256 256 256 256 256 256 256 256 256 0 256 256 256 256 256 
207 256 256 256 256 256 0 254 256 254 254 256 256 256 0 256 256 0 256 256 256 256 256 256 256 256 256 254 256 255 256 256 254 256 256 256 0 254 256 256 256 254 256 254 256 256 256 254 256 156 256 256 254 170 255 256 256 256 256 256 0 256 0 190 256 254 256 256 256 256 254 0 256 254 256 255 256 256 256 256 171 254 256 256 256 256 256 256 256 255 256 256 256 256 256 256 0 256 0 256 
0 256 148 256 256 256 256 186 256 0 255 256 0 256 256 0 256 256 256 256 256 256 256 256 256 0 256 256 256 215 256 256 255 254 256 256 256 254 256 0 256 256 256 254 255 256 256 256 256 254 256 256 0 254 254 256 256 256 256 256 0 256 256 254 256 254 256 256 0 256 68 255 94 256 256 0 0 256 256 256 0 254 256 256 256 0 256 256 256 256 256 256 0 254 256 256 0 256 256 256 
0 256 256 256 256 256 256 254 256 254 103 256 0 256 0 256 256 256 256 256 256 256 256 0 256 256 256 256 256 0 256 256 255 256 256 256 256 134 256 256 256 255 256 58 256 0 256 256 256 256 256 256 254 0 254 256 256 256 256 256 254 256 254 254 0 254 256 256 256 256 254 254 256 254 256 0 256 256 256 256 254 254 256 256 256 256 256 256 256 256 0 256 256 256 256 256 256 256 256 256 
235 256 256 256 0 256 256 56 256 254 0 0 256 256 256 256 0 256 256 256 256 256 256 256 256 256 256 256 256 103 256 256 256 0 256 256 256 256 256 256 256 0 124 254 256 256 256 0 256 254 256 256 254 254 256 256 256 256 256 256 254 0 254 254 256 254 256 256 0 256 0 254 256 256 256 254 256 256 254 256 254 254 256 256 256 256 256 256 0 256 256 256 256 256 256 256 256 256 256 256 
256 256 256 256 256 256 256 254 256 254 254 256 0 256 256 256 256 256 256 0 256 256 256 256 256 256 0 256 256 255 256 256 254 256 256 0 256 255 256 256 256 255 256 256 256 256 256 256 256 254 256 256 256 255 0 256 0 0 256 256 254 256 256 0 256 254 0 256 255 256 254 254 256 254 256 254 256 0 0 256 0 0 256 256 256 256 256 256 256 256 256 256 256 256 256 256 256 256 256 256 
256 256 256 256 256 256 256 254 256 254 254 256 256 256 256 256 256 256 256 256 0 0 256 256 256 256 256 256 256 254 256 256 254 256 256 256 256 254 256 256 256 254 256 254 256 256 0 256 256 255 256 256 254 254 255 256 256 256 256 256 0 256 254 0 256 254 256 256 256 256 0 0 256 254 0 34 256 0 256 256 254 0 256 256 256 256 256 0 256 0 256 256 256 256 256 0 256 256 256 256 
255 256 256 256 256 256 256 42 256 254 254 256 256 256 256 256 0 256 0 256 256 256 256 256 256 256 256 256 256 254 256 256 254 256 256 256 256 0 256 256 256 254 0 254 0 256 256 0 256 254 256 256 116 255 122 256 256 256 256 256 0 256 254 255 256 254 256 256 256 256 62 254 256 254 256 255 256 256 0 256 0 254 256 256 256 256 256 256 256 256 0 256 256 256 0 256 256 256 256 256 
254 256 256 256 0 256 256 254 256 254 254 256 0 0 256 256 256 256 256 256 0 256 256 256 256 256 256 256 256 254 256 256 254 256 256 256 256 256 256 0 256 254 256 254 256 0 256 256 256 254 256 256 254 0 254 0 256 256 0 256 256 256 254 254 256 255 256 256 256 256 0 254 256 256 256 255 256 256 256 256 256 255 0 256 256 256 256 256 256 256 0 256 256 256 256 256 256 256 256 256 
0 256 256 256 256 256 256 0 256 61 235 256 256 256 256 0 256 256 256 256 0 0 256 256 256 256 256 256 256 0 0 256 0 256 256 256 256 0 256 256 256 0 256 254 255 256 256 256 256 162 256 0 256 255 254 256 256 256 256 256 0 256 255 255 256 254 256 256 256 254 254 254 133 254 256 255 256 256 256 256 0 254 256 256 256 0 256 256 256 256 256 256 256 256 256 256 256 256 256 256 
254 256 256 256 256 256 256 0 256 254 254 0 0 256 256 256 256 256 256 256 256 256 256 256 256 256 256 256 256 205 256 256 254 256 256 256 256 0 256 256 0 255 256 254 256 256 256 256 256 254 256 0 254 87 0 256 0 256 256 256 254 0 256 158 256 254 256 256 256 254 254 254 256 254 256 255 256 256 256 256 254 254 0 256 256 256 256 0 0 0 256 256 256 256 256 256 256 256 256 256 
254 256 256 256 256 256 256 254 256 254 254 256 256 256 256 256 0 0 256 256 256 256 256 256 256 256 256 0 256 254 256 256 255 256 256 256 256 255 256 256 256 255 256 254 256 256 256 256 0 255 256 256 0 255 0 256 256 256 256 256 255 256 256 254 256 0 256 256 256 256 254 0 256 254 256 254 256 256 256 256 255 0 256 256 256 0 256 256 256 254 256 256 0 0 256 256 256 256 256 256 
0 256 256 0 256 256 256 254 0 255 254 256 256 256 256 256 256 256 256 256 256 256 0 256 256 256 256 256 256 254 256 256 255 256 256 256 256 254 256 0 256 255 256 254 256 256 256 256 256 254 256 256 0 254 254 256 256 256 256 256 0 0 151 256 0 256 256 0 256 256 178 254 256 256 256 254 256 256 256 256 254 0 256 256 256 256 256 256 256 0 256 256 0 256 256 256 256 256 256 256 
254 256 256 256 256 256 256 12 256 29 14 256 256 256 256 256 256 256 256 0 256 256 0 256 256 256 256 256 256 254 256 256 256 256 256 256 256 20 256 256 256 0 256 254 256 256 256 256 256 254 256 256 255 255 186 0 256 256 0 0 254 256 254 254 256 255 256 256 256 256 190 0 256 41 256 255 256 0 254 256 250 255 256 256 256 0 256 256 256 256 256 256 256 0 256 256 256 0 256 256 
250 256 256 256 0 256 256 254 256 254 83 256 256 0 256 256 0 256 256 256 256 256 256 256 256 256 256 256 256 255 256 256 256 256 256 256 0 254 256 256 256 0 256 254 256 256 256 256 254 254 256 256 0 254 254 256 256 256 256 256 254 256 254 254 256 254 256 256 256 256 254 0 256 0 256 254 0 256 57 256 254 254 0 256 0 256 256 256 256 134 256 256 256 256 256 256 256 0 256 256 
255 256 256 256 0 256 256 254 256 254 0 256 256 256 256 256 256 256 256 256 256 256 256 256 256 256 256 256 0 254 256 256 254 256 256 0 256 254 256 256 256 254 256 254 256 256 256 256 0 255 256 256 254 254 0 256 256 0 256 256 255 256 254 254 256 256 256 256 256 256 0 0 256 256 256 255 256 256 256 256 254 16 0 256 256 256 256 256 256 0 256 256 256 256 256 256 256 256 256 256 
254 256 256 256 256 256 256 254 256 109 254 256 256 0 256 256 256 256 256 256 256 256 256 256 256 256 0 256 256 254 256 256 256 256 256 256 256 158 256 256 256 0 256 27 0 256 256 256 256 254 256 256 243 256 80 256 256 256 256 256 254 256 0 255 256 109 256 256 256 256 73 254 256 0 256 0 0 256 225 0 35 254 256 256 256 256 0 256 256 256 256 256 256 256 256 256 256 256 256 0 
188 256 256 256 256 0 256 255 256 256 0 256 256 256 256 256 256 256 256 256 256 256 0 256 256 256 0 256 256 254 256 256 0 256 256 256 256 254 0 256 256 255 256 254 256 256 256 256 256 255 256 256 10 68 254 256 256 256 256 256 0 0 254 0 256 93 256 256 256 256 254 0 256 254 256 256 256 256 256 256 254 0 256 0 0 256 256 256 256 0 256 256 256 256 256 256 256 256 256 256 
0 256 256 256 256 256 256 107 256 0 256 256 256 256 256 256 256 256 256 256 256 256 256 256 256 256 256 256 256 254 256 256 254 256 256 256 256 0 0 256 0 254 256 0 256 256 256 256 256 255 256 256 0 254 254 256 256 256 0 256 254 256 254 56 256 254 0 256 256 254 254 254 256 0 256 254 256 256 256 256 254 254 256 256 0 256 256 0 256 256 0 256 256 256 256 256 256 256 256 256 
0 256 256 256 0 256 256 0 256 77 214 256 256 256 256 256 256 256 255 256 0 256 256 256 256 256 256 256 256 254 256 256 256 256 256 256 0 118 256 0 256 0 256 254 0 256 256 256 256 255 256 256 0 256 254 256 256 256 256 256 254 256 0 255 256 254 256 0 256 256 254 0 0 254 256 0 256 256 254 256 0 254 256 256 256 256 0 256 256 254 256 256 256 0 256 256 0 256 256 0 
0 256 256 256 256 256 256 0 0 254 254 256 256 256 256 256 256 256 256 256 256 256 256 0 256 256 0 256 256 255 0 256 254 256 256 256 256 256 256 256 256 177 255 31 256 256 256 256 256 95 256 256 0 255 254 0 256 256 256 256 255 256 254 254 0 254 256 256 256 256 182 74 256 256 256 255 256 256 256 256 255 254 256 0 256 256 256 256 256 256 256 256 256 254 256 0 256 256 256 256 
0 256 256 256 256 256 256 254 256 254 256 256 256 256 256 256 0 256 256 256 256 256 256 0 256 256 256 256 256 254 256 256 254 0 0 256 256 254 256 256 256 254 0 255 254 256 256 256 256 255 0 256 0 118 0 256 256 256 256 256 254 256 254 254 256 132 256 256 256 256 254 255 99 0 256 255 0 256 256 256 0 254 256 256 256 256 256 256 256 256 256 256 0 254 256 256 0 256 256 256 
254 256 0 256 256 256 256 0 256 195 254 256 256 256 256 256 256 256 256 256 256 0 0 256 256 256 256 0 256 254 256 256 67 256 256 256 256 254 256 256 256 252 0 255 256 256 256 256 256 255 256 256 254 254 254 256 256 0 256 256 0 256 254 255 256 254 256 256 256 256 254 80 0 254 256 74 256 0 256 256 255 47 256 256 256 256 256 256 256 256 256 256 256 256 256 256 256 256 256 256 
254 0 256 256 256 256 256 0 256 256 192 0 256 0 256 256 256 0 0 256 0 256 256 256 256 256 256 256 256 254 256 256 254 256 0 256 256 254 256 256 0 254 256 254 256 256 256 256 256 254 256 256 80 254 178 256 256 256 256 256 34 256 254 254 256 209 256 256 256 256 254 0 256 254 256 256 256 256 256 256 0 254 256 256 256 256 256 256 256 0 256 256 256 256 256 256 256 256 256 0 
254 256 256 256 256 256 256 0 256 62 254 256 256 0 256 256 256 256 256 256 256 256 256 256 256 0 256 256 256 0 256 256 254 254 256 256 256 255 256 256 256 254 0 0 256 256 256 256 256 254 0 256 254 254 254 256 256 256 256 256 254 256 254 202 256 254 256 256 256 0 0 0 256 49 256 0 256 256 256 256 166 154 0 256 256 256 256 256 256 0 256 256 256 256 256 0 256 256 256 256 
254 256 256 256 256 256 256 254 256 254 254 256 256 256 256 256 256 256 256 256 256 256 0 0 256 256 256 256 0 0 256 256 0 0 256 256 10 254 256 256 256 255 256 254 256 256 256 256 256 254 256 256 0 0 254 256 256 256 256 256 256 0 254 254 256 256 0 0 256 256 254 255 256 256 256 254 256 256 256 256 256 0 256 256 256 0 256 256 256 256 256 256 256 254 256 256 256 256 256 256 
254 256 256 256 256 256 256 0 256 0 254 256 256 256 256 256 256 256 0 0 256 256 256 256 256 256 256 256 256 254 256 256 0 256 256 256 0 254 256 256 256 222 256 254 256 256 256 256 256 255 256 256 0 256 255 256 256 256 256 256 254 256 0 254 256 0 256 256 256 256 255 185 256 254 256 0 256 256 256 256 254 254 256 256 256 0 256 256 256 256 256 0 256 0 256 0 256 256 256 256 
254 256 256 256 256 256 0 38 256 0 254 256 256 0 256 256 256 256 256 256 256 256 0 256 256 256 256 256 256 254 256 0 38 256 256 256 256 254 256 0 256 88 256 254 256 256 256 256 254 255 256 256 254 72 254 256 256 256 0 256 0 256 254 255 256 1 256 256 256 256 0 0 256 254 256 255 256 256 0 256 0 254 256 256 256 256 256 256 256 0 256 256 256 256 256 256 256 256 256 256 
0 256 0 256 256 256 256 0 256 254 192 256 256 256 256 0 256 0 256 256 256 256 256 256 256 0 256 256 256 254 256 256 256 256 0 256 256 256 256 256 256 0 180 255 256 0 256 256 256 255 256 256 193 255 0 256 256 256 256 256 0 256 256 0 0 148 256 256 256 256 0 0 256 256 256 255 256 256 254 256 254 254 256 256 256 256 256 256 256 0 256 0 256 256 256 256 256 256 256 256 
254 256 256 256 256 256 256 0 256 254 256 0 256 256 256 256 256 0 256 256 256 256 256 256 256 256 256 256 0 254 0 256 255 256 256 256 256 255 256 256 256 255 0 254 256 256 256 256 256 254 256 256 0 254 254 256 0 256 256 0 254 256 254 254 256 254 256 256 256 256 254 91 256 0 256 0 256 256 256 256 254 234 256 256 256 256 256 256 256 256 0 256 256 254 256 256 256 256 256 256 
254 256 256 256 0 256 256 0 256 254 254 256 256 256 256 256 0 256 256 256 256 0 256 256 256 256 256 256 256 254 256 256 0 256 256 0 256 255 256 256 256 17 256 186 256 256 256 256 256 254 256 256 0 254 254 256 256 256 256 256 0 256 254 254 256 254 256 256 256 256 255 0 0 255 256 254 256 256 256 256 175 254 0 256 256 256 256 256 256 256 0 256 256 254 256 256 256 256 256 256 
0 256 256 256 256 256 256 254 256 0 254 256 256 256 256 256 256 256 0 256 256 256 256 256 256 256 256 256 256 254 256 256 254 256 256 256 256 256 256 256 256 254 254 254 256 256 256 256 256 254 256 256 254 254 254 256 256 256 256 256 254 256 0 0 0 0 256 256 0 254 0 212 0 256 256 0 256 256 256 256 254 254 256 256 256 256 256 256 256 256 256 256 256 256 256 256 256 256 0 256 
254 256 256 256 256 256 256 118 256 0 0 256 0 256 256 0 256 256 0 256 256 256 0 256 256 256 256 0 256 254 256 256 254 256 256 256 256 254 256 256 256 254 256 254 256 256 256 256 256 175 256 256 164 254 207 256 256 256 256 256 254 0 0 228 256 254 256 256 256 256 254 0 256 254 256 256 0 256 256 256 254 254 256 256 256 256 256 256 256 254 0 256 256 256 256 256 256 256 256 256 
21 256 256 256 256 256 256 254 256 254 254 256 256 256 256 256 256 256 256 256 256 256 256 256 256 256 256 256 0 254 0 256 254 256 0 256 256 0 256 256 256 254 256 254 256 256 256 256 256 255 256 256 157 255 255 256 256 256 256 256 255 256 94 254 256 254 256 256 0 0 254 254 256 20 256 255 256 256 256 256 255 254 256 256 256 256 256 256 256 0 0 256 256 254 256 0 256 256 256 256 
0 0 256 256 256 256 0 254 256 255 111 256 256 256 256 256 256 256 256 256 256 256 256 256 256 243 256 256 256 254 256 256 256 256 0 256 0 0 256 256 256 0 256 0 256 256 256 256 256 255 256 256 0 219 254 256 256 256 0 256 0 256 254 254 256 256 256 256 256 256 0 254 256 0 256 254 256 256 0 256 254 0 249 256 256 256 256 256 0 256 256 256 256 0 256 256 256 256 256 256 
254 256 0 256 256 256 0 0 0 254 254 256 256 256 256 256 256 256 256 256 256 256 256 256 256 0 256 256 256 254 256 256 254 256 256 256 256 254 256 256 256 254 256 254 256 256 256 256 256 254 256 256 254 256 0 256 256 256 0 256 255 256 0 254 256 254 256 256 256 256 254 255 256 56 256 0 256 256 256 256 255 254 256 256 0 256 256 256 256 0 256 256 256 0 256 256 256 256 256 256 
254 0 256 256 256 256 256 254 0 64 35 256 256 256 256 256 256 256 256 256 256 256 256 256 256 0 256 191 256 0 256 256 0 256 256 256 256 254 256 256 256 0 256 0 256 256 256 103 256 0 256 256 254 254 0 256 256 0 256 256 254 256 254 254 256 0 256 256 256 256 254 255 256 236 256 78 256 256 0 0 254 254 83 0 256 256 256 256 256 256 256 256 256 256 256 256 256 256 256 256 
254 256 256 256 0 256 256 254 256 256 0 256 256 256 256 0 256 256 256 256 256 256 256 256 256 256 256 256 256 255 256 256 0 256 256 256 256 256 256 0 0 256 254 255 256 256 256 256 256 256 256 256 0 125 254 0 256 256 256 256 254 256 254 254 256 140 0 256 256 256 0 255 256 256 256 256 256 256 256 256 255 254 0 256 0 256 256 256 256 256 0 256 256 254 256 0 256 256 256 256 
255 0 256 256 256 256 256 254 256 222 0 256 256 256 256 256 256 256 256 0 256 256 256 256 256 256 256 256 256 0 256 256 254 256 0 256 256 0 256 256 0 0 256 255 256 256 0 256 256 256 256 256 0 254 256 256 256 256 256 256 255 256 255 254 256 254 255 256 256 256 235 254 256 0 256 103 256 256 256 256 254 204 256 256 0 256 256 0 256 256 256 256 256 254 256 256 256 256 256 256 
0 256 256 256 256 256 256 254 256 248 254 256 256 0 256 256 0 256 256 0 256 256 256 256 256 256 256 255 256 0 256 0 28 256 256 256 256 254 256 256 256 256 256 254 256 256 256 114 256 0 256 256 254 0 256 256 256 0 256 256 43 0 256 254 256 0 256 256 256 256 100 255 0 254 256 254 256 256 256 256 254 254 256 256 256 256 256 256 0 256 256 256 256 256 256 256 0 256 256 256 
254 256 102 256 256 256 256 254 0 0 254 256 256 256 256 256 256 256 256 256 256 256 256 256 256 256 256 256 256 254 256 256 26 256 0 256 256 256 256 256 256 13 254 254 256 0 256 0 256 254 256 256 0 255 254 256 256 256 256 256 0 256 254 254 256 38 256 256 256 256 0 103 256 256 256 255 256 256 0 256 254 254 256 256 0 256 256 256 256 0 256 0 0 254 0 256 256 256 256 256 
210 256 256 0 256 256 0 254 256 256 0 256 256 256 256 256 256 256 256 256 256 0 256 0 256 0 256 256 256 254 256 256 0 256 256 256 256 254 256 256 256 254 256 255 256 0 256 256 256 174 256 256 0 254 254 256 256 256 256 256 254 256 254 112 256 0 256 256 256 256 232 255 256 114 256 256 256 0 256 256 0 254 256 256 256 256 256 256 256 256 256 256 0 0 256 256 256 256 256 256 
254 256 256 0 256 256 256 0 256 254 254 256 0 256 256 256 256 256 256 256 256 256 256 256 256 256 0 256 256 254 256 256 254 256 256 256 256 254 256 256 256 254 256 254 0 256 256 0 256 0 256 256 254 255 254 256 256 256 256 256 254 0 254 255 256 255 256 256 256 256 254 254 256 255 256 255 256 0 256 256 164 255 256 256 256 256 256 256 256 256 256 256 256 256 256 256 256 256 256 256 
