num. condizioni iniziali:100
contatori ai tempi di decadimento:
256 256 256 256 256 256 256 256 255 256 256 255 256 256 256 256 256 256 256 256 256 256 256 256 256 256 256 255 256 256 255 256 255 256 256 256 255 256 256 256 256 255 255 255 256 256 255 256 256 256 255 256 256 256 256 255 256 256 256 256 256 256 256 256 256 256 256 256 256 255 256 255 256 256 256 256 255 255 256 256 256 256 256 256 256 256 255 256 256 256 256 256 256 256 256 256 256 256 256 256 
255 255 256 256 256 255 256 256 255 256 256 256 256 256 256 256 255 256 256 256 256 256 255 256 256 256 256 0 256 255 255 255 255 255 256 256 256 256 256 256 256 255 255 256 256 256 255 256 256 256 255 255 256 256 256 256 255 256 255 256 256 256 256 256 256 255 256 256 256 255 256 255 256 256 256 256 256 255 256 256 256 256 256 256 256 256 255 256 256 256 256 256 256 255 256 256 256 255 256 256 
255 256 256 256 255 256 256 256 256 256 256 1 256 255 256 256 256 256 256 256 256 255 255 256 256 256 256 256 255 255 255 255 255 255 256 256 255 256 255 255 256 256 255 256 256 256 255 256 256 255 255 255 256 256 256 255 256 256 255 256 256 256 256 255 256 255 256 256 256 255 255 256 255 256 256 256 255 255 256 256 255 256 256 256 256 256 256 256 256 256 256 255 256 255 256 256 256 256 256 256 
255 256 255 256 255 255 255 256 255 256 256 255 256 255 256 256 256 256 256 256 255 255 255 255 256 256 256 256 256 256 256 256 256 255 256 255 255 256 255 255 255 255 256 256 256 255 256 256 256 256 256 256 256 256 256 255 255 96 256 256 256 256 256 256 256 256 256 256 256 255 255 256 255 256 256 256 255 255 255 256 256 256 256 256 256 256 255 256 256 256 256 256 256 255 256 256 256 256 256 256 
255 256 256 256 180 255 256 256 255 256 256 255 255 255 256 256 255 256 255 256 256 256 255 256 256 256 256 256 256 256 255 255 255 255 255 255 256 255 255 255 256 256 141 255 256 256 255 256 256 256 0 255 256 256 256 255 255 256 255 256 256 256 256 256 256 256 256 256 256 255 255 256 255 256 256 256 256 256 255 256 256 256 256 256 255 256 255 256 256 256 256 256 256 255 256 256 0 256 256 256 
255 256 255 256 49 255 256 256 254 256 255 256 256 255 256 256 255 256 256 256 256 255 256 255 256 256 256 255 256 255 255 255 255 256 255 255 256 256 256 255 256 256 256 255 256 256 256 256 256 256 0 255 256 256 256 256 256 255 255 256 256 256 256 256 256 255 256 256 256 255 256 255 256 256 256 256 255 256 256 256 256 256 256 256 256 256 255 256 256 256 256 256 256 255 256 255 255 255 256 256 
255 255 255 256 256 256 255 256 255 256 256 256 256 255 256 256 255 256 256 256 256 255 256 255 256 256 256 255 256 255 255 256 256 256 255 256 255 256 256 256 256 255 256 256 256 255 256 256 256 256 255 256 256 256 256 255 255 255 255 256 256 256 255 256 256 256 256 256 256 255 255 256 256 256 256 255 256 256 256 255 256 256 256 256 256 256 255 256 256 256 256 256 256 255 256 256 256 256 256 256 
256 256 256 256 255 256 256 256 256 256 255 0 256 255 256 256 255 256 255 256 256 255 255 255 256 256 256 226 255 255 255 255 256 256 255 255 255 256 256 255 256 256 256 255 256 256 255 256 256 256 255 255 256 256 256 256 256 256 255 256 256 256 255 255 256 255 256 256 256 256 256 256 255 256 256 256 256 255 256 256 256 256 256 256 256 256 256 256 256 256 256 255 256 255 256 255 256 255 256 256 
256 255 256 256 256 255 256 256 255 256 256 256 256 256 256 256 256 256 256 256 256 255 256 255 256 256 256 255 256 256 255 255 255 0 255 256 255 256 256 256 256 256 256 256 256 256 256 256 256 256 255 255 256 256 256 256 255 256 255 256 256 256 256 256 256 256 256 256 256 255 256 255 256 256 256 256 256 255 256 256 255 256 256 256 256 256 255 256 256 256 256 256 256 255 256 256 256 255 256 256 
256 93 256 256 256 255 256 256 255 256 255 256 255 256 256 256 256 256 255 256 256 256 255 256 256 256 256 256 255 255 256 255 256 256 255 255 255 256 255 256 255 255 256 255 256 256 255 256 256 256 255 255 256 256 256 255 256 256 255 256 256 256 256 255 256 256 256 256 256 255 256 255 256 256 256 256 255 255 256 255 256 256 256 256 256 256 176 256 256 256 256 256 256 255 256 256 255 255 256 256 
255 255 256 256 256 255 255 256 255 256 256 255 256 256 256 256 256 256 256 256 256 256 255 256 256 256 256 255 256 256 255 255 256 256 256 255 255 256 256 256 256 255 208 256 256 256 255 256 256 256 255 256 256 256 256 255 256 256 255 256 256 256 256 87 256 256 256 256 256 255 255 256 255 256 256 255 256 255 256 256 256 256 256 256 256 256 255 256 256 256 256 256 256 255 256 255 255 256 256 256 
256 255 256 256 256 255 256 256 0 256 256 255 256 256 255 256 255 256 256 256 256 255 256 255 256 256 256 255 256 256 255 255 255 256 255 256 256 256 256 256 256 255 255 255 256 255 255 256 256 256 255 256 256 256 256 256 256 256 255 256 256 256 256 255 256 256 256 256 256 255 255 255 255 256 256 256 255 255 256 256 256 256 256 256 256 256 255 256 256 256 256 256 256 255 256 255 256 256 256 256 
255 255 255 256 256 256 256 256 255 256 255 189 256 256 256 256 256 256 256 256 256 255 256 256 256 256 256 256 256 256 255 256 255 255 255 256 255 256 255 256 256 255 256 255 256 255 256 256 256 256 255 256 256 255 256 255 255 0 256 256 256 256 256 255 256 256 256 256 256 255 255 256 256 256 256 256 255 256 256 255 255 256 256 256 256 256 255 256 256 256 256 256 256 255 256 256 256 256 256 256 
256 255 256 256 256 256 256 256 255 256 256 255 256 255 256 256 256 256 255 256 256 256 255 256 256 256 256 255 256 255 256 256 255 256 255 256 256 256 256 256 255 256 256 255 256 256 256 256 256 256 256 255 256 256 256 255 256 256 256 256 256 256 255 256 256 256 256 256 256 255 256 256 256 256 256 255 255 255 256 255 256 256 256 256 256 256 255 256 256 256 256 256 256 256 256 256 0 255 256 256 
256 255 256 256 256 255 256 256 0 256 256 256 180 255 256 256 256 256 126 256 256 255 255 255 256 256 256 256 256 255 256 256 256 256 255 256 255 256 255 255 255 256 255 255 256 255 256 256 256 255 255 0 256 256 256 255 255 256 256 256 256 256 256 256 256 256 256 256 256 0 256 255 256 256 256 256 256 256 256 256 255 256 256 256 256 256 255 256 256 255 256 256 256 255 256 256 256 98 256 256 
255 0 256 256 255 255 256 256 255 256 255 255 256 256 256 256 256 256 255 256 256 255 255 256 256 256 256 255 256 256 255 256 255 256 256 255 255 256 256 256 256 255 256 256 256 255 256 256 256 256 256 255 256 256 256 255 256 255 255 256 256 256 256 256 256 255 256 256 256 53 256 255 256 256 256 255 255 256 256 256 255 256 256 256 256 256 163 256 256 256 256 256 256 255 256 255 256 255 256 256 
256 255 255 256 255 256 256 256 255 256 255 256 256 0 256 256 256 256 256 256 256 255 256 255 256 256 256 255 255 256 255 256 256 256 256 256 255 256 256 95 256 256 256 256 256 256 255 256 256 255 255 256 256 256 256 256 255 256 256 256 256 256 255 256 256 255 256 256 256 256 255 255 256 256 256 256 256 256 256 256 255 256 256 256 256 256 255 256 256 256 256 256 256 256 256 256 255 256 256 256 
255 255 256 256 255 255 255 256 255 256 256 256 256 255 256 256 256 256 256 256 256 255 255 255 256 256 256 256 256 256 255 255 255 255 255 255 256 256 255 255 256 256 255 256 256 256 255 256 256 256 255 256 256 256 256 256 256 256 255 256 256 256 256 255 255 256 256 256 256 256 256 255 256 256 256 256 256 255 255 256 256 256 256 256 256 256 255 256 256 256 256 256 256 255 256 256 183 256 256 256 
255 255 256 256 256 255 256 256 255 256 256 255 256 256 256 256 256 256 256 256 256 255 255 255 256 256 256 255 256 255 255 256 255 256 256 0 256 256 256 256 256 255 256 255 256 255 256 256 256 256 256 256 256 256 256 255 256 255 256 256 256 255 256 256 256 256 256 256 256 255 256 256 256 256 256 255 256 255 256 255 256 256 256 256 256 256 255 256 256 256 256 256 256 255 256 256 256 256 256 256 
256 256 256 256 256 256 256 256 255 256 255 255 256 255 256 256 255 256 256 256 256 255 255 255 256 256 256 256 256 255 255 255 256 256 255 255 255 256 255 256 256 256 255 255 256 256 255 256 256 256 255 256 256 256 256 256 256 256 255 256 256 256 256 255 256 256 256 256 256 255 255 256 255 256 256 255 255 255 255 256 256 256 256 256 255 256 256 256 256 256 256 256 256 255 256 256 256 256 256 256 
256 255 256 256 255 255 256 256 255 256 256 255 256 255 256 256 256 256 255 256 256 256 255 256 256 256 256 256 256 256 255 256 256 255 256 256 256 256 255 255 256 255 256 255 256 256 256 256 256 256 256 256 256 256 256 255 256 255 256 256 256 255 255 256 256 255 256 256 256 255 255 256 256 256 256 256 256 255 256 256 256 256 256 256 256 256 255 256 256 256 256 256 256 255 256 256 255 256 256 256 
255 256 256 256 256 256 256 256 255 256 255 256 256 255 256 256 255 256 256 256 256 255 255 255 256 256 256 256 256 256 255 256 256 255 256 255 255 256 255 256 256 256 255 255 256 256 255 256 256 256 256 256 256 256 256 255 255 256 255 256 256 256 256 256 256 256 256 256 256 255 255 256 256 256 256 256 256 255 255 256 256 256 256 256 256 256 255 256 256 256 256 256 256 255 256 256 256 256 256 256 
256 255 256 256 256 256 256 256 255 256 255 255 256 255 256 256 256 256 256 256 256 255 256 255 256 256 255 255 256 256 255 256 255 256 255 256 256 256 256 255 256 256 255 255 256 256 255 256 256 256 256 255 256 256 256 256 256 256 256 256 256 256 255 256 256 256 256 256 256 256 255 255 256 256 256 256 255 255 256 256 256 256 256 256 256 256 255 256 256 256 256 256 256 255 256 256 256 255 256 256 
255 256 256 256 255 255 256 256 255 256 256 256 0 255 256 256 256 256 256 255 256 255 256 255 256 256 256 256 255 256 256 0 255 256 256 255 255 256 255 255 255 256 255 256 256 256 256 256 256 255 256 256 256 256 256 255 255 256 255 256 256 256 256 255 256 256 256 256 256 256 255 255 255 256 256 256 255 256 255 256 255 256 256 256 256 256 255 256 256 256 256 256 256 256 256 256 255 135 256 256 
255 256 256 256 256 255 256 256 255 256 255 255 255 255 256 256 256 256 255 256 256 255 255 256 256 256 256 256 255 256 256 255 255 255 255 256 256 256 255 256 255 37 256 255 256 255 256 256 256 256 138 255 256 256 256 255 256 256 255 256 256 256 256 255 256 256 256 256 256 20 255 255 255 256 256 256 256 255 256 255 256 256 256 256 256 256 113 256 256 256 256 256 256 255 256 256 256 255 256 256 
256 255 255 256 256 256 256 256 0 256 255 256 256 255 256 256 256 256 256 256 256 255 256 255 256 256 255 256 256 256 255 256 256 256 255 255 255 256 255 256 256 255 256 255 256 255 256 256 256 256 256 256 256 255 256 255 255 256 256 256 256 256 256 255 256 256 256 256 256 0 256 255 255 256 256 256 255 256 255 255 255 256 256 256 256 256 255 256 256 256 256 256 256 255 256 256 256 256 256 256 
256 256 255 256 256 256 256 256 256 256 256 255 255 255 256 256 255 256 255 256 256 255 255 255 256 256 256 256 255 255 255 256 255 255 256 255 256 256 255 255 256 255 255 256 256 255 255 256 256 256 256 255 256 256 256 255 255 256 256 256 256 256 256 256 256 255 255 256 256 255 255 256 255 256 256 256 255 256 255 256 256 256 256 256 256 256 256 256 256 256 256 256 256 255 256 256 255 256 256 256 
255 256 255 256 256 256 256 256 255 256 255 256 256 255 256 256 255 256 256 256 256 255 255 255 256 256 256 256 256 256 255 255 256 255 255 255 255 256 255 256 256 256 255 256 256 256 255 256 256 256 0 255 256 256 256 256 255 256 255 256 256 256 255 256 256 256 256 256 256 256 255 255 255 256 256 256 256 255 256 256 256 256 256 256 256 256 199 256 256 256 256 256 256 255 256 256 256 255 256 256 
255 256 255 256 255 256 256 256 255 256 255 256 256 256 256 256 256 256 256 256 256 255 256 255 256 256 256 255 255 256 255 256 256 256 255 255 255 256 256 256 256 256 255 256 256 256 255 256 256 256 256 256 256 256 256 256 255 256 255 256 256 256 256 256 256 256 255 256 256 256 256 256 255 256 256 256 256 255 256 256 256 256 256 256 255 256 256 256 256 256 256 255 256 256 256 255 255 256 256 256 
256 256 256 256 255 255 256 256 255 256 256 256 255 256 256 256 256 256 255 256 256 255 255 255 256 256 256 256 255 256 255 255 256 256 256 255 255 256 255 256 256 255 256 255 256 255 256 256 256 256 255 255 256 256 256 256 255 255 255 256 256 256 256 255 255 255 256 256 256 255 256 256 255 256 256 256 256 256 255 256 256 256 256 256 256 256 255 256 256 256 256 256 256 255 256 256 256 256 256 256 
255 255 255 256 256 256 256 256 255 256 256 256 256 256 255 256 255 256 256 256 256 255 256 255 256 256 256 133 256 256 255 256 255 256 256 256 256 256 256 256 256 256 255 256 256 256 256 256 256 256 255 256 256 256 256 256 255 255 256 256 256 256 256 256 256 256 256 256 256 256 255 255 256 256 256 256 255 256 256 256 256 256 256 256 256 255 255 256 256 256 256 256 256 256 256 255 256 256 256 256 
256 255 255 256 255 255 256 256 255 256 255 255 256 255 256 256 256 256 255 256 256 255 256 255 256 256 256 255 256 256 255 256 256 256 256 256 255 256 256 255 256 256 255 256 256 256 256 256 256 256 256 256 256 256 256 255 255 256 255 256 256 256 256 256 256 255 256 256 256 256 255 255 255 256 256 256 256 255 256 256 255 256 256 256 256 256 255 256 256 256 256 256 256 256 256 256 255 255 256 256 
256 256 256 256 256 255 256 256 255 256 255 255 256 255 256 256 256 256 255 256 256 255 256 255 256 256 256 256 256 256 255 255 255 256 255 256 256 256 255 256 256 165 255 255 256 255 255 256 256 256 0 255 256 256 256 256 256 256 255 256 256 256 255 256 255 256 256 256 256 255 256 256 256 256 256 255 256 0 256 256 256 256 256 256 255 256 255 256 256 256 256 256 256 256 256 256 255 256 256 256 
255 256 255 256 255 255 256 256 255 256 255 255 256 256 256 256 256 256 256 255 256 255 256 255 256 256 256 255 256 256 256 256 256 256 256 256 255 256 256 256 255 256 256 256 256 255 256 256 256 256 256 256 256 256 256 255 255 255 255 256 256 256 256 256 256 256 255 256 256 255 256 256 255 256 256 255 255 255 256 256 256 256 256 256 256 256 256 256 256 256 256 255 256 256 256 256 255 256 256 256 
256 256 256 256 256 256 256 256 255 256 256 256 256 255 255 256 255 256 256 256 256 255 256 255 256 256 256 14 256 256 255 256 255 256 256 255 255 256 256 256 256 256 256 256 256 255 256 256 256 256 256 256 256 256 256 256 256 255 256 256 256 256 255 256 256 256 256 256 256 255 255 256 256 256 256 256 256 255 256 256 256 256 256 256 256 255 256 256 256 256 256 256 256 256 256 256 256 255 256 256 
256 255 255 256 256 256 256 256 255 256 256 256 256 256 255 256 256 256 255 256 255 255 255 255 256 256 256 256 256 256 256 255 256 256 255 255 242 256 256 256 255 13 255 256 256 255 256 256 256 256 255 255 256 256 256 256 255 255 255 256 256 256 255 255 256 256 256 256 256 255 255 255 256 256 256 256 255 256 256 256 256 256 256 256 255 256 255 256 256 256 256 256 256 256 256 256 256 256 256 256 
256 255 255 256 255 256 256 256 46 256 256 255 256 255 256 256 256 256 256 256 255 255 255 255 256 256 256 256 256 256 256 256 256 255 256 255 256 256 255 255 255 256 255 255 256 256 255 256 256 256 256 255 256 256 256 256 255 256 255 256 256 256 256 256 255 256 256 256 256 255 255 255 256 256 256 255 255 256 255 256 256 256 256 256 256 256 255 256 256 256 256 256 256 255 256 256 255 256 256 256 
256 158 255 256 255 255 256 256 256 256 255 255 255 81 256 256 255 256 255 256 256 255 256 256 256 256 256 255 255 255 255 226 256 256 256 256 255 256 256 233 256 255 255 256 256 255 255 256 256 256 255 255 256 256 256 256 255 256 255 256 256 256 255 255 256 255 256 256 256 0 255 255 255 256 256 256 255 255 256 256 256 256 256 256 256 256 0 256 256 256 256 255 256 256 256 255 256 255 256 256 
255 256 256 256 256 255 255 256 256 256 255 256 256 255 256 256 256 256 256 256 256 255 255 255 256 256 256 256 255 256 255 105 256 256 255 255 255 256 255 256 256 256 255 256 256 256 255 256 256 256 255 256 256 256 256 255 256 256 255 256 256 256 256 255 256 256 256 256 256 256 255 256 255 256 256 256 256 255 256 256 256 256 256 256 255 256 256 256 256 255 256 255 256 255 256 256 255 256 256 256 
255 255 256 256 256 255 256 256 255 256 256 256 256 256 256 256 256 256 256 256 256 255 255 255 256 256 256 255 256 256 255 255 255 256 256 256 255 256 256 256 256 256 256 255 256 256 256 256 256 256 255 256 256 256 256 256 255 256 255 256 256 256 256 255 256 256 256 256 256 256 255 255 256 256 256 256 255 256 256 255 255 256 256 256 256 255 255 256 256 256 256 256 256 256 256 256 256 256 256 256 
255 255 256 256 256 256 255 256 255 256 256 255 256 256 256 256 255 256 256 256 256 255 255 255 256 256 256 255 256 255 255 256 255 255 256 256 256 256 256 256 256 256 108 256 256 256 255 256 256 256 255 256 256 256 256 256 256 256 256 256 256 256 256 255 256 255 256 256 256 255 255 255 256 256 256 256 256 255 256 256 256 256 256 256 256 256 255 256 256 255 256 256 256 256 256 256 255 256 256 256 
256 255 256 256 256 255 256 256 255 256 255 249 256 255 256 256 255 256 255 256 256 255 255 255 256 256 256 256 256 256 255 256 255 255 255 255 256 256 255 256 256 0 0 256 256 255 256 256 256 256 256 255 256 256 256 256 255 256 256 256 256 256 256 255 255 256 256 256 256 248 256 255 255 256 256 255 255 256 255 255 256 256 256 256 256 256 255 256 256 256 256 256 256 255 256 256 256 255 256 256 
256 255 256 256 256 256 256 256 255 256 256 255 255 256 256 256 256 256 255 256 256 255 255 255 256 256 256 255 256 256 255 256 256 83 255 256 255 256 256 256 256 0 256 256 256 255 256 256 256 256 256 255 256 255 256 256 256 256 256 256 256 256 256 256 256 255 256 256 256 255 255 255 256 256 256 256 255 255 256 256 256 256 256 256 256 256 255 256 256 256 256 256 256 255 256 255 256 255 256 256 
256 255 256 256 256 256 256 256 254 256 255 255 256 19 255 256 256 256 256 256 256 255 255 255 256 256 256 255 256 256 255 256 256 256 256 0 255 256 256 175 256 256 255 256 256 256 256 256 256 256 255 255 256 256 256 255 255 255 256 256 256 256 255 256 256 256 256 256 256 255 255 255 255 256 256 255 255 256 256 256 256 256 256 256 256 256 255 256 256 256 256 256 256 256 256 256 256 256 256 256 
255 256 255 256 256 256 256 256 255 256 256 255 256 255 256 256 255 256 255 256 256 255 256 255 256 256 256 255 256 256 255 215 255 256 256 256 255 256 256 256 256 256 255 256 256 256 255 256 256 256 255 256 256 256 256 256 255 256 255 256 256 256 256 255 256 256 256 256 256 256 255 255 255 256 256 256 255 256 256 256 256 256 256 256 256 256 255 256 256 256 256 256 256 256 256 256 255 255 256 256 
255 256 256 256 255 256 256 256 37 256 255 256 255 256 256 256 255 256 255 256 256 255 256 255 256 256 256 255 255 256 255 256 255 256 256 256 256 256 256 256 256 256 255 255 256 256 255 256 256 256 255 255 256 256 256 256 256 256 256 256 256 256 256 256 256 256 256 256 256 256 255 255 255 256 256 256 255 255 256 256 256 256 256 256 256 256 255 256 256 256 256 256 256 255 256 256 255 256 256 256 
256 256 256 256 256 256 256 256 255 256 255 256 255 256 256 256 256 256 255 256 256 255 255 255 256 256 256 256 256 256 255 255 255 256 255 255 256 256 255 256 256 256 256 256 256 256 256 256 256 256 255 255 256 256 256 255 255 256 255 256 256 256 256 111 256 255 256 256 256 256 255 255 256 256 256 256 256 256 255 256 256 256 256 256 256 256 255 256 256 256 256 256 256 255 256 256 255 255 256 256 
255 256 256 256 256 256 256 256 255 256 256 255 256 256 255 256 256 256 255 255 256 255 256 255 256 256 256 256 256 256 256 256 255 256 256 255 255 256 255 256 255 256 255 256 256 256 255 256 256 255 256 255 256 256 256 256 256 256 256 256 256 256 256 255 256 256 256 256 256 256 255 256 255 256 256 255 255 255 255 256 255 256 256 256 256 256 256 256 256 256 256 256 256 256 256 256 256 255 256 256 
255 256 256 256 255 255 255 256 256 256 255 255 256 255 255 256 256 256 256 256 256 255 256 255 256 256 256 255 256 256 255 256 256 256 256 255 256 256 256 255 256 256 255 256 256 256 255 256 256 256 256 255 256 256 256 255 256 256 256 256 256 255 256 256 256 256 255 256 256 256 255 256 255 256 256 255 255 256 256 256 256 256 256 256 256 256 256 256 256 256 256 256 256 255 256 255 256 256 256 256 
256 256 256 256 256 256 256 256 255 256 256 255 256 255 256 256 256 256 255 256 256 255 255 255 256 256 256 256 256 256 255 256 255 255 256 256 255 256 255 255 256 256 256 256 256 255 256 256 256 256 255 256 256 255 256 256 255 255 256 256 256 256 256 255 256 256 256 256 256 185 255 256 255 256 256 255 256 256 256 256 255 256 256 256 256 256 256 256 256 256 256 256 256 255 256 256 256 255 256 256 
255 256 256 256 256 255 256 256 0 256 256 256 256 256 255 256 256 256 255 256 255 255 255 255 256 256 255 256 256 255 256 256 255 255 256 255 255 256 256 256 255 256 255 255 256 256 256 256 256 256 255 256 256 256 256 255 256 256 256 256 256 256 256 255 256 256 256 256 256 256 255 255 255 256 256 255 256 255 256 256 256 256 256 256 256 256 255 256 256 256 256 256 256 255 256 255 256 255 256 256 
255 256 256 256 256 255 256 256 255 256 255 0 256 255 256 256 255 256 256 256 256 255 255 255 256 256 255 256 256 256 255 256 256 255 255 256 255 256 255 256 256 256 255 255 256 255 255 256 256 256 256 256 256 256 256 255 255 256 256 256 256 256 256 255 256 256 256 256 256 0 255 255 255 256 256 256 256 255 255 256 256 256 256 256 256 256 255 256 256 255 256 256 256 255 256 256 256 256 256 256 
256 255 256 256 256 256 256 256 255 256 255 256 255 255 256 256 256 256 255 256 256 255 256 255 256 256 256 255 255 256 255 256 256 256 256 256 255 256 256 255 256 256 255 255 256 256 255 256 256 255 255 256 256 256 256 256 256 256 256 256 256 256 256 255 256 256 256 256 256 256 255 256 255 256 256 256 255 255 256 256 255 256 256 256 256 256 255 256 256 256 256 256 256 255 256 255 256 256 256 256 
255 256 255 256 255 255 255 256 255 256 255 256 256 256 256 256 256 256 256 256 255 255 255 256 256 256 256 256 256 255 256 255 256 255 256 256 256 256 256 256 255 255 255 256 256 255 256 256 256 256 255 255 256 256 256 255 255 255 255 256 256 256 256 80 256 256 256 256 256 21 255 256 255 256 256 255 255 255 256 256 256 256 256 256 256 256 255 256 256 256 256 256 256 255 256 256 0 256 256 256 
255 0 256 256 256 255 256 256 256 256 256 255 256 255 256 256 256 256 256 256 256 255 255 255 256 256 256 255 256 256 255 256 256 256 256 255 255 256 256 256 256 256 255 256 256 255 255 256 256 256 255 256 256 256 256 256 255 256 256 256 256 256 255 0 256 256 256 256 256 1 256 255 255 256 256 256 256 256 256 256 255 256 256 256 256 256 0 256 256 256 256 255 256 255 256 256 256 256 256 256 
256 255 256 256 255 255 256 256 255 256 255 256 255 256 255 256 256 256 255 256 256 255 256 255 256 256 256 256 256 256 256 255 256 256 255 255 255 256 256 256 255 255 255 256 256 255 256 256 256 256 255 255 256 256 256 256 256 256 255 256 256 256 256 255 256 256 256 256 256 255 256 256 256 256 256 256 255 255 256 256 255 256 256 256 255 256 255 256 256 256 256 256 256 255 256 256 256 256 256 256 
255 256 256 256 255 256 256 256 255 256 255 256 256 59 256 256 256 256 256 256 256 255 255 255 256 256 256 255 256 255 255 177 256 256 255 256 255 256 256 0 256 255 255 255 256 255 255 256 256 255 255 255 256 256 256 256 255 256 255 256 256 256 255 255 256 256 256 256 256 255 255 256 256 256 256 256 255 255 256 256 255 256 256 256 255 256 256 256 256 256 256 256 256 256 256 256 255 256 256 256 
256 256 255 256 255 255 256 256 255 256 255 255 256 256 255 256 256 256 256 256 256 255 256 255 256 256 256 255 256 256 255 256 255 256 255 0 255 256 256 256 256 256 255 256 256 256 256 256 256 256 256 255 256 256 256 256 255 256 255 256 256 256 256 256 256 256 256 256 256 256 256 255 255 256 256 256 256 256 256 256 255 256 256 256 256 256 255 256 256 255 256 256 256 255 256 256 256 255 256 256 
255 256 256 256 255 256 256 256 255 256 256 256 256 255 256 256 256 256 256 256 256 255 255 255 256 256 256 256 256 256 255 67 256 256 256 255 255 256 255 255 256 256 256 256 256 256 256 256 256 255 255 255 256 256 256 255 256 255 255 256 256 256 256 255 256 256 256 256 256 255 255 255 255 256 256 256 256 255 255 256 255 256 256 256 256 256 255 256 256 256 256 256 256 255 256 256 255 256 256 256 
255 255 255 256 256 255 255 256 255 256 255 256 256 255 256 256 256 256 256 256 256 255 256 255 256 256 256 256 256 256 255 255 255 256 255 256 256 256 255 256 256 256 255 256 256 256 255 256 256 256 255 256 256 256 256 255 255 256 255 256 256 256 255 256 256 256 256 256 256 256 255 256 255 256 256 256 256 256 256 256 256 256 256 256 255 256 255 256 256 255 256 256 256 256 256 256 256 256 256 256 
255 256 256 256 0 256 256 256 255 256 254 251 256 256 255 256 256 256 256 256 256 255 255 255 256 256 256 65 256 255 255 256 255 255 256 255 255 256 256 256 256 255 228 256 256 255 255 256 256 255 255 255 256 256 256 256 256 256 256 256 256 256 256 255 256 256 256 256 256 37 255 255 256 256 256 256 255 255 256 256 255 256 256 256 256 256 255 256 256 256 256 256 256 255 256 255 256 255 256 256 
255 256 255 256 255 256 255 256 255 256 255 255 256 256 256 256 256 256 256 256 256 255 256 255 256 256 256 255 256 255 255 8 256 255 256 256 255 256 256 255 256 256 255 256 256 256 256 256 256 255 255 255 256 256 256 256 255 255 255 256 256 256 256 255 256 256 256 256 256 255 255 255 256 256 256 256 256 256 256 256 255 256 256 256 256 256 255 256 256 256 256 256 256 255 256 256 256 256 256 256 
255 256 256 256 256 256 256 256 255 256 256 255 256 255 256 256 256 256 256 256 255 255 256 255 256 256 256 255 256 256 256 255 256 256 255 255 255 256 256 256 255 156 255 255 256 255 255 256 256 256 255 255 256 256 256 255 255 256 255 256 256 256 255 200 256 256 256 256 256 255 255 256 256 256 256 255 256 256 256 256 256 256 256 256 255 256 255 256 256 256 256 256 256 255 256 256 255 256 256 256 
256 256 255 256 256 256 256 256 254 256 256 255 255 255 256 256 256 256 255 256 256 255 256 255 256 256 255 256 255 256 255 256 256 256 256 256 255 256 255 255 256 256 255 256 256 256 255 256 256 256 255 255 256 256 256 256 255 256 256 256 256 256 255 255 255 256 256 256 256 256 256 256 256 256 256 256 256 256 256 256 256 256 256 256 256 256 255 256 256 256 256 256 256 255 256 256 256 255 256 256 
256 255 256 256 256 255 256 256 255 256 255 255 255 256 256 256 256 256 255 256 256 255 256 255 256 256 255 255 256 256 255 256 256 256 256 256 255 256 256 256 256 256 256 256 256 256 255 256 256 256 255 255 256 256 256 256 255 256 256 256 256 256 256 255 256 256 256 256 256 256 256 255 256 256 256 256 256 256 256 256 256 256 256 256 256 256 255 256 256 256 256 256 256 256 256 256 0 255 256 256 
256 255 256 256 256 256 256 256 255 256 255 256 256 255 256 256 256 256 256 256 255 255 255 255 256 256 256 256 256 256 256 255 256 255 255 256 255 256 255 256 255 0 256 255 256 255 256 256 256 256 255 255 256 256 256 256 255 255 255 256 256 256 256 255 256 256 256 256 256 255 256 256 255 256 256 255 255 255 256 256 256 256 256 256 255 256 255 256 256 256 256 256 256 255 256 256 256 256 256 256 
256 256 255 256 256 256 256 256 255 256 256 255 256 256 256 256 256 256 255 256 256 255 256 255 256 256 256 255 256 256 255 255 255 256 255 256 256 256 256 256 256 255 256 255 256 255 256 256 256 256 255 255 256 256 256 256 255 255 255 256 256 256 256 255 256 255 256 256 256 84 255 255 255 256 256 256 256 256 256 256 256 256 256 256 256 256 255 256 256 255 256 256 256 255 256 256 255 255 256 256 
255 0 255 256 256 255 256 256 255 256 256 256 256 256 256 256 256 256 256 255 256 255 256 256 256 256 256 255 256 256 255 255 256 256 256 256 256 256 256 256 256 256 255 256 256 256 256 256 256 256 255 255 256 256 256 255 255 255 255 256 256 255 256 255 256 256 256 256 256 255 255 255 255 256 256 256 255 256 256 256 256 256 256 256 256 256 0 256 256 256 256 256 256 256 256 255 256 256 256 256 
256 255 255 256 256 255 256 256 255 256 255 255 256 256 255 256 255 256 255 256 256 255 255 255 256 256 256 256 256 256 255 256 255 255 255 256 256 256 255 256 256 256 256 255 256 256 256 256 256 256 256 255 256 256 256 256 255 255 256 256 256 256 256 256 255 256 256 256 256 255 256 255 256 256 256 255 255 256 256 256 256 256 256 256 256 256 255 256 256 256 256 256 256 255 256 256 256 255 256 256 
256 255 256 256 256 255 256 256 255 256 256 255 256 255 256 256 255 256 256 256 256 255 256 256 256 256 256 255 255 255 255 256 256 256 255 256 255 256 256 256 256 255 255 255 256 255 256 256 256 256 255 256 256 256 256 256 256 255 255 256 256 256 255 256 256 256 256 256 256 255 256 255 256 256 256 256 255 255 256 256 256 256 256 256 256 256 255 256 256 256 256 256 256 255 256 256 256 256 256 256 
256 255 256 256 255 256 256 256 255 256 255 255 256 255 256 256 256 256 256 256 256 255 255 255 256 256 256 255 256 255 255 256 255 256 256 152 255 256 256 255 256 256 0 256 256 256 255 256 256 255 256 256 256 256 256 255 256 256 256 256 256 256 256 255 256 255 256 256 256 0 255 255 255 256 256 255 255 255 256 256 255 256 256 256 256 256 255 256 256 256 256 256 256 255 256 256 256 256 256 256 
256 256 256 256 255 255 256 256 255 256 255 256 255 255 256 256 255 256 255 256 256 255 255 255 256 256 256 0 256 256 255 64 256 255 256 256 255 256 256 255 256 255 0 255 256 255 256 256 256 256 255 255 256 256 256 256 255 256 255 256 256 256 256 255 256 255 256 256 256 255 256 255 255 256 256 256 256 255 256 256 256 256 256 256 256 256 255 256 256 255 256 256 256 255 256 255 157 255 256 256 
255 256 256 256 256 255 256 256 255 256 256 255 256 255 255 256 256 256 256 256 256 255 255 255 256 256 256 255 256 256 255 255 256 256 256 256 255 256 256 256 256 255 255 256 256 255 256 256 256 256 255 256 256 256 256 256 255 255 255 256 256 256 256 81 256 256 256 256 256 255 255 256 256 256 256 256 256 255 256 256 255 256 256 256 256 256 256 256 256 256 256 256 256 256 256 256 256 256 256 256 
256 255 256 256 256 255 256 256 255 256 256 255 256 255 256 256 255 256 255 256 256 256 255 256 256 256 256 255 256 256 255 255 256 256 255 256 255 255 256 256 256 255 255 255 256 256 255 256 256 256 255 255 256 256 256 255 256 256 255 256 256 256 255 255 256 255 256 256 256 255 256 255 255 256 256 255 255 255 256 256 256 256 256 256 256 256 255 256 256 256 256 256 256 256 256 255 255 255 256 256 
256 255 256 256 255 256 256 256 255 256 256 255 256 256 255 256 256 256 256 256 256 255 255 255 256 256 256 256 256 256 255 0 255 255 255 255 256 256 255 256 256 255 256 255 256 255 256 256 256 256 256 256 256 256 256 255 256 256 255 256 256 256 256 255 256 256 256 256 256 0 255 255 255 256 256 256 256 0 255 256 256 256 256 256 255 256 255 256 256 256 256 256 256 255 256 256 256 256 256 256 
256 256 256 256 256 255 256 256 255 256 256 255 256 255 256 256 255 256 256 256 256 255 256 255 256 256 256 255 256 256 255 256 255 256 256 256 255 256 256 256 256 255 255 256 256 255 255 256 256 256 256 255 256 256 256 256 256 256 256 256 256 256 256 256 256 256 256 256 256 255 255 256 255 256 256 256 256 255 256 256 256 256 256 256 256 256 255 256 256 255 256 256 256 255 256 255 255 256 256 256 
255 256 256 256 256 256 256 256 254 256 255 256 255 255 256 256 255 256 255 256 256 255 255 255 256 256 256 256 256 256 255 256 256 255 256 256 255 256 255 256 256 256 0 256 256 256 256 256 256 256 255 255 256 256 256 255 256 255 256 256 256 256 256 256 256 256 256 256 256 255 256 255 256 256 256 256 256 256 255 255 256 256 256 256 256 256 255 256 256 256 256 256 256 255 256 256 256 256 256 256 
255 256 256 256 256 255 256 256 255 256 256 256 256 256 256 256 256 256 256 256 256 255 256 255 256 256 256 255 256 256 255 256 256 256 256 255 255 256 256 256 256 256 256 255 256 256 255 256 256 256 255 256 256 256 256 256 256 256 256 256 256 256 256 255 256 255 256 256 256 256 255 256 256 256 256 256 256 256 256 256 255 256 256 256 256 256 255 256 256 255 256 256 256 255 256 256 255 256 256 256 
256 255 256 256 255 256 256 256 254 256 255 0 256 0 255 256 256 256 255 256 256 255 255 255 256 256 256 0 255 255 255 256 256 255 256 256 255 256 256 0 256 255 255 256 256 255 255 256 256 255 255 256 256 256 256 255 256 256 255 256 256 256 255 256 256 256 256 256 256 255 255 255 256 256 256 256 256 256 256 256 255 256 256 256 256 256 255 256 256 256 256 256 256 256 256 256 256 255 256 256 
255 256 256 256 256 256 256 256 256 256 255 255 256 32 255 256 256 256 256 256 256 255 255 255 256 256 256 255 255 255 255 256 256 256 255 256 255 256 256 227 256 256 256 256 256 255 255 256 256 256 255 256 256 256 256 256 255 256 256 256 256 256 255 256 256 256 256 256 256 0 255 256 255 256 256 256 255 256 256 256 256 256 256 256 256 256 256 256 256 256 256 255 256 256 256 256 256 256 256 256 
255 256 256 256 256 255 256 256 255 256 220 256 256 256 255 256 256 256 256 256 255 256 255 256 256 256 256 256 256 255 256 256 255 255 256 255 255 256 256 256 255 256 255 255 256 256 256 256 256 255 255 256 256 256 256 256 256 256 256 256 256 256 256 255 256 256 256 256 256 255 255 256 256 256 256 256 256 255 256 256 256 256 256 256 256 256 255 256 256 256 256 256 256 255 256 256 256 256 256 256 
256 255 256 256 255 255 256 256 255 256 255 256 256 255 256 256 256 256 256 256 256 255 256 255 256 256 256 255 256 256 255 255 255 256 255 256 255 256 256 255 256 255 256 255 256 255 256 256 256 256 0 255 256 256 256 255 256 256 255 256 256 256 255 256 256 255 256 256 256 255 255 256 255 256 256 255 255 255 256 256 255 256 256 256 255 256 255 256 256 256 256 256 256 256 256 255 255 256 256 256 
256 255 255 256 255 255 256 256 255 256 255 255 255 0 256 256 256 256 255 256 255 255 256 255 256 256 256 255 256 256 256 255 256 256 256 255 256 256 256 0 255 256 255 255 256 256 255 256 256 256 255 256 256 256 256 256 255 256 255 256 256 255 255 192 256 256 256 256 256 256 255 256 256 256 256 256 255 256 256 256 256 256 256 256 256 256 255 256 256 256 256 256 256 255 256 255 256 256 256 256 
255 256 256 256 255 255 255 256 255 256 0 255 256 255 256 256 256 256 256 256 256 255 256 255 256 256 256 88 255 256 255 49 255 256 255 256 255 256 256 255 256 256 256 256 256 256 256 256 256 255 255 256 256 256 256 131 256 255 255 256 256 256 256 255 256 255 256 256 256 255 255 255 255 256 256 256 255 0 256 256 255 256 256 256 256 256 127 256 256 256 256 256 256 256 256 255 256 256 256 256 
256 255 255 256 256 256 256 256 255 256 255 255 255 256 256 256 256 256 255 256 256 255 256 255 256 256 256 255 256 256 255 256 256 255 256 255 255 256 256 255 256 256 255 256 256 256 256 256 256 256 256 255 256 256 256 256 255 256 256 256 256 256 255 255 256 255 256 256 256 256 255 255 256 256 256 256 256 256 256 256 255 256 256 256 256 256 255 256 256 256 256 256 256 255 256 255 256 255 256 256 
255 256 256 256 256 256 255 256 255 256 256 256 256 50 256 256 256 256 256 256 256 255 255 255 256 256 256 256 255 255 256 256 256 256 255 256 255 256 255 0 255 0 255 256 256 255 256 256 256 256 255 255 256 256 256 255 255 256 256 256 256 256 255 255 256 256 256 256 256 255 255 256 255 256 256 256 255 256 256 256 256 256 256 256 256 256 255 256 256 256 256 256 256 255 256 256 255 255 256 256 
256 255 256 256 256 256 256 256 255 256 255 256 255 255 256 256 255 256 255 256 256 255 255 255 256 256 256 256 256 256 255 255 256 256 255 256 255 256 255 256 256 256 256 256 256 256 256 256 256 256 255 255 256 256 256 256 256 256 255 256 256 256 256 256 255 256 256 256 256 256 256 256 256 256 256 256 255 255 256 255 256 256 256 256 255 256 255 256 256 256 256 256 256 255 256 256 255 256 256 256 
256 255 255 256 255 255 256 256 255 256 256 256 256 256 256 256 256 256 255 256 256 255 256 255 256 256 256 256 256 256 255 255 256 256 256 256 255 256 255 256 256 256 255 255 256 256 255 256 256 256 255 256 256 256 256 256 255 256 255 256 256 256 256 255 255 255 256 256 256 256 255 255 255 256 256 255 255 255 255 256 255 256 256 256 256 256 255 256 256 256 256 256 256 255 256 256 255 255 256 256 
255 255 256 256 256 255 256 256 255 256 256 256 256 255 256 256 256 256 256 256 256 255 255 255 256 256 256 0 256 256 255 256 255 255 256 256 255 256 256 256 256 256 255 256 256 256 256 256 256 256 255 256 256 256 256 255 255 255 256 256 256 256 256 255 256 256 256 256 256 255 256 255 255 256 256 255 256 256 256 256 255 256 256 256 256 256 255 256 256 256 256 256 256 255 256 256 255 256 256 256 
256 256 256 256 256 256 256 256 255 256 255 255 255 255 255 256 256 256 255 256 256 255 255 255 256 256 256 256 255 256 255 255 255 255 256 256 255 256 255 256 256 256 255 256 256 256 256 256 256 256 255 256 256 256 256 256 255 255 255 256 256 256 255 255 256 256 256 256 256 255 255 255 256 256 256 256 256 256 256 256 256 256 256 256 256 256 255 256 256 255 256 256 256 255 256 256 256 255 256 256 
256 256 256 256 256 255 256 256 255 256 256 256 255 256 256 256 255 256 255 255 256 256 256 256 256 256 256 255 256 256 255 145 255 256 256 255 256 256 256 256 256 255 255 256 256 256 255 256 256 256 255 255 256 256 256 256 256 256 255 256 256 256 256 255 256 255 256 256 256 255 255 255 255 256 256 256 255 255 256 256 256 256 256 256 256 256 255 256 256 256 256 256 256 256 256 255 255 255 256 256 
256 256 255 256 255 256 256 256 256 256 255 0 256 255 256 256 255 256 256 256 256 255 255 256 256 256 256 0 256 256 255 22 255 255 256 256 256 256 256 255 256 256 147 255 256 256 255 256 256 256 255 256 256 256 256 256 255 256 255 256 256 255 256 255 256 255 256 256 256 255 255 256 255 256 256 256 255 256 256 256 256 256 256 256 256 256 256 256 256 256 256 256 256 255 256 256 256 256 256 256 
256 256 255 256 255 256 256 256 255 256 255 255 256 256 255 256 255 256 255 256 256 255 256 256 256 256 256 255 256 256 255 255 256 256 256 255 255 256 256 256 256 255 23 256 256 255 255 256 256 256 112 255 256 256 256 255 255 256 255 256 256 256 256 255 256 256 256 256 256 255 255 255 256 256 256 255 255 255 256 256 256 256 256 256 256 256 255 256 256 256 256 256 256 255 256 255 256 255 256 256 
256 255 256 256 255 256 256 256 255 256 256 256 255 256 256 256 256 256 255 256 256 255 255 255 256 256 256 256 256 256 255 256 255 256 255 256 255 256 255 256 256 256 255 255 256 256 256 256 256 255 256 255 256 256 256 255 256 256 256 256 256 256 256 256 256 255 256 256 256 256 256 255 256 256 256 256 255 255 255 256 255 256 256 256 256 256 255 256 256 256 256 256 256 255 256 256 256 255 256 256 
255 256 256 256 255 255 255 256 256 256 255 256 256 255 256 256 256 256 256 256 255 255 256 255 256 256 256 255 256 256 256 255 255 256 255 256 256 256 256 255 255 256 256 256 256 256 256 256 256 256 228 256 256 256 256 256 255 256 255 256 256 256 256 255 256 256 256 256 256 256 255 256 255 256 256 256 256 256 256 256 256 256 256 256 255 256 256 256 256 255 256 256 256 255 256 255 256 256 256 256 
255 256 256 256 255 256 256 256 255 256 255 255 255 255 256 256 256 256 255 256 256 255 255 255 256 256 256 255 255 256 255 256 256 256 256 256 255 256 256 255 256 256 256 256 256 256 256 256 256 255 256 255 256 256 256 255 256 256 255 256 256 256 256 256 256 255 256 256 256 256 255 255 255 256 256 256 255 255 256 256 255 256 256 256 256 256 255 256 256 256 256 256 256 255 256 256 255 255 256 256 
255 256 256 256 255 255 256 256 256 256 255 256 256 256 256 256 256 256 256 256 256 255 255 255 256 256 256 256 256 255 256 255 256 256 256 256 255 256 256 256 255 255 255 256 256 255 255 256 256 256 255 255 256 256 256 255 256 256 255 256 256 256 256 255 256 256 256 256 256 255 255 255 255 256 256 255 255 256 256 256 256 256 256 256 256 256 0 256 256 256 256 255 256 255 256 256 256 255 256 256 
256 256 255 256 256 255 256 256 255 256 256 255 256 255 256 256 256 256 255 256 256 255 256 255 256 256 256 255 256 256 255 255 256 256 255 256 255 256 256 256 256 256 256 255 256 256 256 256 256 256 255 255 256 256 256 255 255 256 255 256 256 256 255 256 256 256 256 256 256 256 255 255 255 256 256 255 256 256 256 255 255 256 256 256 256 256 215 256 256 255 256 256 256 256 256 256 256 255 256 256 
255 256 256 256 256 256 256 256 255 256 255 256 256 256 255 256 256 256 256 256 256 255 256 255 256 256 255 255 256 255 255 256 256 256 255 256 255 256 256 256 256 256 255 255 256 256 255 256 256 255 256 256 256 256 256 256 256 256 256 256 256 256 256 256 256 256 256 256 256 256 256 255 256 256 256 256 256 256 256 256 255 256 256 256 256 256 255 256 256 256 256 256 256 255 256 256 256 256 256 256 
256 256 255 256 0 256 256 256 255 256 255 255 256 255 256 256 255 256 255 256 256 255 256 255 256 256 256 255 256 256 255 255 256 256 255 256 255 256 256 255 256 255 255 256 256 255 255 256 256 256 255 255 256 256 256 255 255 256 255 256 256 256 255 255 256 255 256 256 256 255 256 256 255 256 256 256 256 256 256 256 256 256 256 256 255 256 255 256 256 255 256 256 256 256 256 256 256 256 256 256 
