il numero dei nodi e':100
le condizioni iniziali sono:100
0 0 0 0 0 0 0 0 1 0 0 1 0 0 0 0 0 0 0 0 0 0 0 0 0 0 0 1 0 0 1 0 1 0 0 0 1 0 0 0 0 1 1 1 0 0 1 0 0 0 1 0 0 0 0 1 0 0 0 0 0 0 0 0 0 0 0 0 0 1 0 1 0 0 0 0 1 1 0 0 0 0 0 0 0 0 1 0 0 0 0 0 0 0 0 0 0 0 0 0 	0 167 41 0 0 0 0 27 256 127 0 256 194 204 60 0 25 90 101 0 0 111 28 0 105 47 0 256 75 0 256 160 256 253 7 0 256 0 0 222 0 256 256 256 0 102 256 0 9 0 256 202 249 0 0 256 5 91 65 110 44 170 0 55 24 5 0 76 197 256 85 256 253 0 139 221 256 256 15 254 138 108 0 0 0 0 256 0 143 0 50 0 89 153 64 153 210 30 198 134 
1 1 0 0 0 1 0 0 1 0 0 0 0 0 0 0 1 0 0 0 0 0 0 0 0 0 0 1 0 1 1 1 1 0 0 0 0 0 0 0 0 1 1 0 0 0 1 0 0 0 1 1 0 0 0 0 1 0 1 0 0 0 0 0 0 1 0 0 0 1 0 1 0 0 0 0 0 1 0 0 0 0 0 0 0 0 1 0 0 0 0 0 0 1 0 0 0 1 0 0 	256 256 155 233 8 256 167 178 256 0 3 0 0 163 0 207 256 0 0 253 253 186 255 0 0 59 35 256 0 256 256 256 256 255 161 0 132 35 78 140 253 256 256 253 0 110 256 32 113 0 256 256 64 190 143 167 256 100 256 0 0 36 0 27 66 256 253 0 198 256 0 256 253 220 211 187 0 256 45 56 0 0 0 0 23 0 256 0 156 0 40 94 0 256 85 152 43 256 0 4 
1 0 0 0 1 0 0 0 0 0 0 1 0 1 0 0 0 0 0 0 0 1 1 0 0 0 0 0 1 1 1 1 1 1 0 0 1 0 1 1 0 0 1 0 0 0 1 0 0 1 1 1 0 0 0 1 0 0 1 0 0 0 0 1 0 1 0 0 0 1 1 0 1 0 0 0 1 1 0 0 1 0 0 0 0 0 0 0 0 0 0 1 0 1 0 0 0 0 0 0 	256 0 0 12 256 55 0 83 0 134 90 256 120 256 0 83 253 64 53 229 175 256 256 130 0 227 0 0 256 256 256 256 256 256 0 222 256 0 256 256 253 109 256 253 128 180 256 101 67 256 256 256 171 0 0 256 253 0 256 235 162 253 127 256 122 256 0 16 0 256 256 0 256 0 0 0 256 256 232 131 256 0 135 0 251 0 0 0 164 0 0 256 234 256 150 0 126 0 0 203 
1 0 1 0 1 1 1 0 1 0 0 1 0 1 0 0 0 0 0 0 1 1 1 1 0 0 0 0 0 0 0 0 0 1 0 1 1 0 1 1 1 1 0 0 0 1 0 0 0 0 0 0 0 0 0 1 1 1 0 0 0 0 0 0 0 0 0 0 0 1 1 0 1 0 0 0 1 1 1 0 0 0 0 0 0 0 1 0 0 0 0 0 0 1 0 0 0 0 0 0 	256 0 256 36 256 256 256 0 256 151 156 256 119 256 0 0 0 237 0 92 256 256 256 256 109 131 0 0 0 125 82 0 0 256 120 256 256 0 256 256 256 256 90 0 70 256 0 200 165 186 0 7 0 25 0 256 256 256 143 177 67 253 253 58 253 0 253 0 0 256 256 253 256 153 61 0 256 256 256 5 253 0 51 58 0 0 256 0 0 253 25 253 0 256 0 0 0 0 0 0 
1 0 0 0 1 1 0 0 1 0 0 1 1 1 0 0 1 0 1 0 0 0 1 0 0 0 0 0 0 0 1 1 1 1 1 1 0 1 1 1 0 0 1 1 0 0 1 0 0 0 1 1 0 0 0 1 1 0 1 0 0 0 0 1 0 0 0 0 0 1 1 0 1 0 0 0 0 0 1 0 0 0 0 0 1 0 1 0 0 0 0 0 0 1 0 0 1 0 0 0 	256 0 0 0 256 256 63 192 256 57 220 256 256 256 254 152 256 0 256 0 19 0 256 0 215 0 0 0 0 21 256 256 256 256 256 256 0 256 256 256 0 40 256 256 36 219 256 168 0 53 256 256 0 253 0 256 256 0 256 0 46 4 179 256 0 253 253 0 12 256 256 253 256 0 0 0 5 0 256 0 0 0 224 76 256 0 256 153 189 0 0 147 0 256 0 0 256 62 217 0 
1 0 1 0 1 1 0 0 1 0 1 0 0 1 0 0 1 0 0 0 0 1 0 1 0 0 0 1 0 1 1 1 1 0 1 1 0 0 0 1 0 0 0 1 0 0 0 0 0 0 1 1 0 0 0 0 0 1 1 0 0 0 0 1 0 1 0 0 0 1 0 1 0 0 0 0 1 0 0 0 0 0 0 0 0 0 1 0 0 0 0 0 0 1 0 1 1 1 0 0 	256 0 256 242 256 256 253 0 256 95 256 230 0 256 0 0 256 183 0 0 253 256 253 256 0 0 254 256 0 256 256 256 256 253 256 256 253 249 10 256 253 186 59 256 0 47 0 0 128 253 256 256 214 254 0 0 0 256 256 0 0 0 10 256 0 256 254 0 222 256 0 256 254 0 0 158 256 0 201 86 0 0 0 0 253 254 256 16 0 20 0 0 0 256 0 256 256 256 0 0 
1 1 1 0 0 0 1 0 1 0 0 0 0 1 0 0 1 0 0 0 0 1 0 1 0 0 0 1 0 1 1 0 0 0 1 0 1 0 0 0 0 1 0 0 0 1 0 0 0 0 0 0 0 0 0 1 1 1 1 0 0 0 1 0 0 0 0 0 0 1 1 0 0 0 0 1 0 0 0 1 0 0 0 0 0 0 1 0 0 0 0 0 0 1 0 0 0 0 0 0 	256 256 256 0 235 0 256 0 256 0 253 113 48 256 145 0 256 0 0 59 21 256 253 256 0 51 253 256 229 256 256 0 253 159 256 0 256 0 253 0 253 256 0 0 0 256 0 244 23 0 255 253 75 253 0 256 256 256 256 0 0 0 256 0 253 107 233 46 0 256 256 253 208 0 154 256 17 253 0 256 0 83 0 29 253 0 256 223 203 83 68 0 0 256 0 253 209 0 0 0 
0 0 0 0 1 0 0 0 0 0 1 1 0 1 0 0 1 0 1 0 0 1 1 1 0 0 0 1 1 1 1 1 0 0 1 0 1 0 0 1 0 0 0 1 0 0 1 0 0 0 1 1 0 0 0 0 0 0 1 0 0 0 1 1 0 1 0 0 0 0 0 0 1 0 0 0 0 1 0 0 0 0 0 0 0 0 0 0 0 0 0 1 0 1 0 1 0 1 0 0 	254 104 0 0 256 0 253 190 0 83 256 256 205 256 0 0 256 0 256 0 175 256 256 256 0 0 93 256 256 256 256 256 253 0 256 255 256 254 90 256 253 106 0 256 58 0 256 0 0 253 256 256 53 253 88 159 253 178 256 162 60 218 256 256 0 256 253 219 0 151 253 0 256 129 0 71 0 256 0 253 0 0 0 0 44 114 0 135 126 0 52 256 169 256 199 256 0 256 0 168 
0 1 0 0 0 1 0 0 1 0 0 0 0 0 0 0 0 0 0 0 0 1 0 1 0 0 0 1 0 0 1 1 1 1 1 0 1 0 0 0 0 0 1 0 0 0 0 0 0 0 1 1 0 0 0 0 1 0 1 0 0 0 0 0 0 0 0 0 0 1 0 1 0 0 0 0 0 1 0 0 1 0 0 0 0 0 1 0 0 0 0 0 0 1 0 0 0 1 0 0 	0 256 62 0 0 256 191 123 256 0 0 242 0 0 234 0 253 0 236 113 0 256 254 256 0 158 253 256 80 0 256 256 256 256 256 0 256 1 233 0 57 37 256 66 0 161 194 154 252 0 256 256 0 0 0 246 256 0 256 140 0 0 0 83 244 0 0 111 199 256 0 256 0 0 0 175 225 256 91 85 256 0 0 0 253 253 256 70 49 242 25 0 0 256 159 145 152 256 147 61 
0 1 0 0 0 1 0 0 1 0 1 0 1 0 0 0 0 0 1 0 0 0 1 0 0 0 0 0 1 1 0 1 0 0 1 1 1 0 1 0 1 1 0 1 0 0 1 0 0 0 1 1 0 0 0 1 0 0 1 0 0 0 0 1 0 0 0 0 0 1 0 1 0 0 0 0 1 1 0 1 0 0 0 0 0 0 1 0 0 0 0 0 0 1 0 0 1 1 0 0 	0 256 132 0 17 256 243 46 256 0 256 0 256 0 0 0 0 40 256 0 254 0 256 0 117 0 96 0 256 256 0 256 253 0 256 256 256 198 256 152 256 256 0 256 0 226 256 0 2 0 256 256 24 0 95 256 0 9 256 185 239 1 0 256 163 50 180 77 0 256 253 256 0 0 71 0 256 256 38 256 139 0 0 0 180 80 256 116 0 0 174 0 131 256 10 0 256 256 154 56 
1 1 0 0 0 1 1 0 1 0 0 1 0 0 0 0 0 0 0 0 0 0 1 0 0 0 0 1 0 0 1 1 0 0 0 1 1 0 0 0 0 1 1 0 0 0 1 0 0 0 1 0 0 0 0 1 0 0 1 0 0 0 0 1 0 0 0 0 0 1 1 0 1 0 0 1 0 1 0 0 0 0 0 0 0 0 1 0 0 0 0 0 0 1 0 1 1 0 0 0 	256 256 0 56 0 256 256 130 256 0 253 256 0 7 92 0 208 0 0 253 185 227 256 0 0 0 0 256 0 163 256 256 250 254 17 256 256 0 253 0 0 256 256 0 0 67 256 84 0 0 256 241 0 244 0 256 253 204 256 0 26 74 0 256 0 53 253 0 0 256 256 160 256 0 18 256 0 256 253 0 98 58 199 151 34 15 256 0 0 0 0 253 0 256 167 256 256 35 0 245 
0 1 0 0 0 1 0 0 1 0 0 1 0 0 1 0 1 0 0 0 0 1 0 1 0 0 0 1 0 0 1 1 1 0 1 0 0 0 0 0 0 1 1 1 0 1 1 0 0 0 1 0 0 0 0 0 0 0 1 0 0 0 0 1 0 0 0 0 0 1 1 1 1 0 0 0 1 1 0 0 0 0 0 0 0 0 1 0 0 0 0 0 0 1 0 1 0 0 0 0 	212 256 190 0 0 256 0 16 256 0 0 256 0 0 256 159 256 81 185 0 0 256 254 256 191 100 118 256 0 70 256 256 256 254 256 36 0 0 230 0 218 256 256 256 227 256 256 0 0 0 256 253 0 244 129 0 253 180 256 0 9 15 0 256 0 253 154 195 177 256 256 256 256 0 140 0 256 256 17 0 0 0 205 236 112 0 256 69 167 253 0 0 149 256 75 256 25 0 0 109 
1 1 1 0 0 0 0 0 1 0 1 1 0 0 0 0 0 0 0 0 0 1 0 0 0 0 0 0 0 0 1 0 1 1 1 0 1 0 1 0 0 1 0 1 0 1 0 0 0 0 1 0 0 1 0 1 1 1 0 0 0 0 0 1 0 0 0 0 0 1 1 0 0 0 0 0 1 0 0 1 1 0 0 0 0 0 1 0 0 0 0 0 0 1 0 0 0 0 0 0 	256 256 256 77 0 0 253 0 256 0 256 256 27 0 63 247 253 100 0 0 0 256 90 253 129 142 145 82 86 0 256 150 256 256 256 2 256 0 256 0 253 256 0 256 0 256 0 0 0 0 256 253 0 256 0 256 256 256 0 0 201 40 26 256 253 226 0 21 14 256 256 87 0 18 234 2 256 0 230 256 256 0 0 153 0 0 256 245 107 0 0 0 0 256 0 0 0 0 0 0 
0 1 0 0 0 0 0 0 1 0 0 1 0 1 0 0 0 0 1 0 0 0 1 0 0 0 0 1 0 1 0 0 1 0 1 0 0 0 0 0 1 0 0 1 0 0 0 0 0 0 0 1 0 0 0 1 0 0 0 0 0 0 1 0 0 0 0 0 0 1 0 0 0 0 0 1 0 1 0 1 0 0 0 0 0 0 1 0 0 0 0 0 0 0 0 0 1 1 0 0 	254 256 0 250 12 0 253 238 256 0 0 256 253 256 195 233 0 0 256 0 119 221 256 0 70 0 173 256 108 256 21 0 256 0 256 253 3 208 0 0 256 21 0 256 0 163 0 0 96 0 0 256 129 63 107 256 156 0 225 0 235 0 256 239 117 0 253 169 226 256 207 64 253 0 0 256 255 256 0 256 247 38 0 0 0 54 256 3 220 0 0 0 0 0 0 18 256 256 0 48 
0 1 0 0 0 1 0 0 1 0 0 0 1 1 0 0 0 0 1 0 0 1 1 1 0 0 0 0 0 1 0 0 0 0 1 0 1 0 1 1 1 1 1 1 0 1 0 0 0 1 1 1 0 0 0 1 1 1 0 0 0 0 0 0 0 0 0 0 0 1 0 1 0 0 0 0 0 0 0 0 1 0 0 0 0 0 1 0 0 1 0 0 0 1 0 0 1 1 0 0 	0 256 0 0 0 256 0 0 256 0 253 225 256 256 85 0 0 0 256 0 140 256 256 256 126 0 217 39 213 256 236 61 0 253 256 0 256 254 256 256 256 256 256 256 65 256 146 9 0 256 256 256 21 151 238 256 256 256 0 93 0 115 81 0 0 0 0 39 0 256 0 256 254 218 30 0 0 61 0 0 256 0 0 0 0 0 256 43 0 256 0 254 0 256 85 0 256 256 0 103 
0 1 0 0 1 1 0 0 1 0 1 1 0 0 0 0 0 0 1 0 0 1 1 0 0 0 0 1 0 0 1 0 1 0 0 1 1 0 0 0 0 1 0 0 0 1 0 0 0 0 0 1 0 0 0 1 0 1 1 0 0 0 0 0 0 1 0 0 0 1 0 1 0 0 0 1 1 0 0 0 1 0 0 0 0 0 1 0 0 0 0 0 0 1 0 1 0 1 0 0 	255 256 0 197 256 256 110 0 256 0 256 256 253 188 0 112 233 0 256 12 0 256 256 254 0 162 253 256 8 98 256 0 256 214 232 256 256 181 253 0 168 256 235 28 0 256 0 0 43 123 0 256 17 253 45 256 0 256 256 0 119 0 0 0 0 256 0 0 6 256 0 256 78 197 223 256 256 0 253 113 256 205 0 0 236 0 256 0 64 0 0 127 0 256 159 256 0 256 137 0 
0 1 1 0 1 0 0 0 1 0 1 0 0 1 0 0 0 0 0 0 0 1 0 1 0 0 0 1 1 0 1 0 0 0 0 0 1 0 0 1 0 0 0 0 0 0 1 0 0 1 1 0 0 0 0 0 1 0 0 0 0 0 1 0 0 1 0 0 0 0 1 1 0 0 0 0 0 0 0 0 1 0 0 0 0 0 1 0 0 0 0 0 0 0 0 0 1 0 0 0 	0 256 256 116 256 0 0 221 256 0 256 194 63 256 0 71 167 0 102 102 33 256 254 256 0 0 0 256 256 0 256 60 86 0 233 0 256 0 0 256 0 0 0 253 177 0 256 0 0 256 256 0 0 107 0 156 256 198 89 0 0 253 256 0 198 256 0 119 0 8 256 256 147 150 0 0 0 253 0 0 256 0 0 216 0 140 256 0 246 0 204 0 106 85 0 82 256 147 0 0 
1 1 0 0 1 1 1 0 1 0 0 0 0 1 0 0 0 0 0 0 0 1 1 1 0 0 0 0 0 0 1 1 1 1 1 1 0 0 1 1 0 0 1 0 0 0 1 0 0 0 1 0 0 0 0 0 0 0 1 0 0 0 0 1 1 0 0 0 0 0 0 1 0 0 0 0 0 1 1 0 0 0 0 0 0 0 1 0 0 0 0 0 0 1 0 0 1 0 0 0 	256 256 107 0 256 256 256 119 256 0 217 173 0 256 181 0 253 0 0 137 0 256 256 256 0 0 199 0 93 8 256 256 256 256 256 256 253 0 256 256 28 221 256 0 65 0 256 0 234 226 256 0 223 54 237 0 243 245 256 0 0 190 253 256 256 34 253 0 154 233 212 256 253 238 0 127 247 256 256 50 253 34 0 0 211 0 256 120 0 0 0 0 167 256 158 0 256 0 0 16 
1 1 0 0 0 1 0 0 1 0 0 1 0 0 0 0 0 0 0 0 0 1 1 1 0 0 0 1 0 1 1 0 1 0 0 1 0 0 0 0 0 1 0 1 0 1 0 0 0 0 0 0 0 0 0 1 0 1 0 0 0 1 0 1 0 0 0 0 0 1 0 0 0 0 0 1 0 1 0 1 0 0 0 0 0 0 1 0 0 0 0 0 0 1 0 0 0 0 0 0 	256 256 0 181 0 256 253 0 256 0 253 256 0 240 253 104 31 0 0 0 97 256 256 256 0 17 0 256 29 256 256 0 256 254 10 256 0 0 253 45 0 256 0 256 110 256 0 121 0 0 77 162 0 0 103 256 92 256 220 183 139 256 0 256 253 160 246 0 195 256 133 201 253 225 16 256 0 256 253 256 158 211 0 0 0 0 256 0 4 209 0 184 0 256 218 253 27 22 220 47 
0 0 0 0 0 0 0 0 1 0 1 1 0 1 0 0 1 0 0 0 0 1 1 1 0 0 0 0 0 1 1 1 0 0 1 1 1 0 1 0 0 0 1 1 0 0 1 0 0 0 1 0 0 0 0 0 0 0 1 0 0 0 0 1 0 0 0 0 0 1 1 0 1 0 0 1 1 1 1 0 0 0 0 0 1 0 0 0 0 0 0 0 0 1 0 0 0 0 0 0 	0 241 0 204 66 87 0 183 256 48 256 256 102 256 253 0 256 64 10 0 253 256 256 256 0 21 0 235 0 256 256 256 108 253 256 256 256 0 256 0 253 0 256 256 0 228 256 0 0 0 256 122 239 243 209 15 87 0 256 0 124 119 253 256 236 0 242 0 0 256 256 0 256 0 0 256 256 256 256 254 0 21 61 148 256 67 175 194 22 12 0 91 0 256 108 0 0 213 0 106 
0 1 0 0 1 1 0 0 1 0 0 1 0 1 0 0 0 0 1 0 0 0 1 0 0 0 0 0 0 0 1 0 0 1 0 0 0 0 1 1 0 1 0 1 0 0 0 0 0 0 0 0 0 0 0 1 0 1 0 0 0 1 1 0 0 1 0 0 0 1 1 0 0 0 0 0 0 1 0 0 0 0 0 0 0 0 1 0 0 0 0 0 0 1 0 0 1 0 0 0 	253 256 91 217 256 256 0 0 256 0 166 256 105 256 0 181 173 0 256 253 155 0 256 0 0 0 0 0 236 0 256 0 151 256 0 177 0 201 256 256 0 256 0 256 0 227 0 245 220 47 0 172 0 0 83 256 253 256 206 43 202 256 256 82 239 256 107 117 139 256 256 253 88 0 188 35 0 256 0 0 170 0 0 0 0 0 256 0 0 0 248 0 0 256 234 0 256 178 152 70 
1 0 0 0 0 0 0 0 1 0 1 0 0 1 0 0 1 0 0 0 0 1 1 1 0 0 0 0 0 0 1 0 0 1 0 1 1 0 1 0 0 0 1 1 0 0 1 0 0 0 0 0 0 0 0 1 1 0 1 0 0 0 0 0 0 0 0 0 0 1 1 0 0 0 0 0 0 1 1 0 0 0 0 0 0 0 1 0 0 0 0 0 0 1 0 0 0 0 0 0 	256 0 0 0 0 200 253 186 256 169 256 16 0 256 115 147 256 0 0 0 0 256 256 256 136 68 0 0 31 97 256 0 0 256 79 256 256 0 256 69 0 0 256 256 124 161 256 0 63 0 0 122 157 0 246 256 256 0 256 0 0 123 253 0 235 0 210 0 0 256 256 95 16 0 0 0 200 256 256 253 0 0 0 136 18 239 256 0 0 155 161 0 8 256 92 0 96 0 59 0 
0 1 0 0 0 0 0 0 1 0 1 1 0 1 0 0 0 0 0 0 0 1 0 1 0 0 1 1 0 0 1 0 1 0 1 0 0 0 0 1 0 0 1 1 0 0 1 0 0 0 0 1 0 0 0 0 0 0 0 0 0 0 1 0 0 0 0 0 0 0 1 1 0 0 0 0 1 1 0 0 0 0 0 0 0 0 1 0 0 0 0 0 0 1 0 0 0 1 0 0 	40 256 46 0 0 29 251 116 256 0 256 256 0 256 33 0 177 125 209 0 0 256 253 256 66 189 256 256 0 0 256 0 256 235 256 253 219 254 60 256 35 58 256 256 70 0 256 0 136 220 0 256 179 253 0 118 0 0 0 0 123 103 256 201 162 0 253 85 137 0 256 256 253 0 0 1 256 256 0 155 47 0 0 148 0 223 256 86 193 0 0 175 0 256 0 21 0 256 0 189 
1 0 0 0 1 1 0 0 1 0 0 0 1 1 0 0 0 0 1 1 0 1 0 1 0 0 0 0 1 0 0 1 1 0 0 1 1 0 1 1 1 0 1 0 0 0 0 0 0 1 1 0 0 0 0 1 1 0 1 0 0 0 0 1 0 0 0 0 0 0 1 1 1 0 0 0 1 0 1 0 1 0 0 0 0 0 1 0 0 0 0 0 0 0 0 0 1 1 0 0 	256 202 14 193 256 256 0 0 256 51 64 6 256 256 251 215 0 213 256 256 96 256 0 256 0 0 253 22 256 0 0 256 256 253 0 256 256 254 256 256 256 0 256 254 0 0 189 0 247 256 256 254 0 172 125 256 256 0 256 103 221 253 165 256 253 0 0 0 0 0 256 256 256 0 0 0 256 40 256 0 256 0 53 21 67 35 256 0 90 74 72 254 73 253 0 0 256 256 101 0 
1 0 0 0 0 1 0 0 1 0 1 1 1 1 0 0 0 0 1 0 0 1 1 0 0 0 0 0 1 0 0 1 1 1 1 0 0 0 1 0 1 1 0 1 0 1 0 0 0 0 1 1 0 0 0 1 0 0 1 0 0 0 0 1 0 0 0 0 0 1 1 1 1 0 0 0 0 1 0 1 0 0 0 0 0 0 1 0 0 0 0 0 0 1 0 0 0 1 0 0 	256 0 124 0 158 256 253 3 256 155 256 256 256 256 135 29 0 0 256 0 175 256 256 254 0 211 160 0 256 0 50 256 256 256 256 111 245 214 256 0 256 256 0 256 0 256 0 0 154 0 256 256 0 0 0 256 253 0 256 0 70 0 122 256 0 0 125 201 58 256 256 256 256 0 248 0 0 256 27 256 110 0 230 110 213 77 256 142 0 0 131 0 137 256 0 0 0 256 0 30 
0 1 1 0 0 0 0 0 1 0 1 0 0 1 0 0 0 0 0 0 0 1 0 1 0 0 1 0 0 0 1 0 0 0 1 1 1 0 1 0 0 1 0 1 0 1 0 0 0 0 0 0 0 1 0 1 1 1 0 0 0 0 0 1 0 0 0 0 0 1 0 1 1 0 0 0 1 0 1 1 1 0 0 0 0 0 1 0 0 0 0 0 0 1 0 0 1 0 0 0 	254 256 256 0 0 20 205 0 256 0 256 233 0 256 126 49 229 5 56 0 0 256 134 256 159 0 256 68 88 0 256 0 253 0 256 256 256 0 256 103 155 256 0 256 0 256 0 27 68 0 36 253 13 256 5 256 256 256 0 181 0 185 253 256 253 90 0 0 0 256 253 256 256 0 141 0 256 0 256 256 256 0 224 0 0 253 256 78 0 253 0 254 0 256 0 0 256 188 0 0 
0 0 1 0 0 0 0 0 0 0 0 1 1 1 0 0 1 0 1 0 0 1 1 1 0 0 0 0 1 1 1 0 1 1 0 1 0 0 1 1 0 1 1 0 0 1 1 0 0 0 0 1 0 0 0 1 1 0 0 0 0 0 0 0 0 1 1 0 0 1 1 0 1 0 0 0 1 0 1 0 0 0 0 0 0 0 0 0 0 0 0 0 0 1 0 0 1 0 0 0 	0 64 256 123 54 49 0 207 253 0 0 256 256 256 0 222 256 61 256 253 67 256 256 256 0 0 0 0 256 256 256 0 256 256 180 256 78 253 256 256 0 256 256 253 0 256 256 0 0 113 0 256 221 0 0 256 256 0 0 0 226 206 253 130 176 256 256 0 118 256 256 0 256 45 37 0 256 113 256 69 0 0 224 59 0 98 0 0 0 45 0 193 109 256 0 0 256 0 0 0 
1 0 1 0 0 0 0 0 1 0 1 0 0 1 0 0 1 0 0 0 0 1 1 1 0 0 0 0 0 0 1 1 0 1 1 1 1 0 1 0 0 0 1 0 0 0 1 0 0 0 1 1 0 0 0 0 1 0 1 0 0 0 1 1 0 0 0 0 0 0 1 1 1 0 0 0 0 1 0 0 0 0 0 0 0 0 1 0 0 0 0 0 0 1 0 0 0 1 0 0 	256 0 256 145 208 142 253 230 256 22 256 0 0 256 190 0 256 0 0 227 0 256 256 256 0 25 254 0 180 0 256 256 0 256 256 256 256 254 256 0 109 135 256 254 18 0 256 0 36 0 256 256 0 253 82 6 256 38 256 247 0 134 256 256 147 0 40 9 0 0 256 256 256 0 0 93 186 256 0 254 0 222 88 200 253 0 256 214 0 206 0 28 23 256 51 0 77 256 0 0 
1 0 1 0 1 0 0 0 1 0 1 0 0 0 0 0 0 0 0 0 0 1 0 1 0 0 0 1 1 0 1 0 0 0 1 1 1 0 0 0 0 0 1 0 0 0 1 0 0 0 0 0 0 0 0 0 1 0 1 0 0 0 0 0 0 0 1 0 0 0 0 0 1 0 0 0 0 1 0 0 0 0 0 0 1 0 0 0 0 0 0 1 0 0 0 1 1 0 0 0 	256 0 256 0 256 214 0 109 256 205 256 109 0 198 82 24 253 0 73 215 185 256 0 256 236 0 0 256 256 0 256 0 0 253 256 256 256 0 222 0 0 138 256 0 0 0 256 0 0 253 0 62 0 116 0 153 256 44 256 81 0 95 0 0 0 0 256 0 0 73 52 0 256 0 0 0 116 256 17 42 253 0 0 0 256 0 0 99 28 69 146 256 47 138 153 256 256 0 0 0 
0 0 0 0 1 1 0 0 1 0 0 0 1 0 0 0 0 0 1 0 0 1 1 0 0 0 0 0 1 0 1 1 0 0 0 1 1 0 1 0 0 1 0 1 0 1 0 0 0 0 1 1 0 0 0 0 1 1 1 0 0 0 0 1 1 1 0 0 0 1 0 0 1 0 0 0 0 0 1 0 0 0 0 0 0 0 1 0 0 0 0 0 0 1 0 0 0 0 0 0 	194 95 0 0 256 256 203 0 256 69 253 228 256 192 0 0 253 0 256 0 23 256 256 255 0 182 0 118 256 35 256 256 0 0 74 256 256 77 256 0 105 256 0 256 0 256 19 0 101 253 256 256 0 69 164 0 256 256 256 182 0 215 0 256 256 256 253 0 0 256 0 253 256 117 116 0 0 0 256 253 253 107 49 0 151 253 256 0 216 0 0 253 154 256 0 0 0 239 0 114 
1 1 1 0 0 0 0 0 1 0 0 0 0 0 1 0 1 0 0 0 0 1 0 1 0 0 0 1 0 0 1 0 1 0 0 0 0 0 0 0 0 0 1 0 0 0 0 0 0 0 1 0 0 0 0 0 1 1 0 0 0 0 0 0 0 0 0 0 0 0 1 1 0 0 0 0 1 0 0 0 0 0 0 0 0 1 1 0 0 0 0 0 0 0 0 1 0 0 0 0 	256 256 256 0 0 0 151 0 256 0 130 132 0 110 256 0 256 213 0 50 0 256 8 256 0 181 0 256 182 0 256 141 256 253 115 0 253 0 0 242 253 0 256 2 0 0 68 0 158 0 256 206 168 0 20 0 256 256 77 0 0 253 0 254 0 18 253 15 77 244 256 256 253 0 0 0 256 253 10 0 0 0 0 170 0 256 256 0 179 0 206 0 105 0 0 256 0 140 0 0 
0 1 1 0 1 1 0 0 1 0 1 1 0 1 0 0 0 0 1 0 0 1 0 1 0 0 0 1 0 0 1 0 0 0 0 0 1 0 0 1 0 0 1 0 0 0 0 0 0 0 0 0 0 0 0 1 1 0 1 0 0 0 0 0 0 1 0 0 0 0 1 1 1 0 0 0 0 1 0 0 1 0 0 0 0 0 1 0 0 0 0 0 0 0 0 0 1 1 0 0 	253 256 256 0 256 256 189 0 256 0 256 256 189 256 0 81 254 0 256 253 0 256 253 256 0 0 66 256 101 0 256 0 0 253 0 0 256 254 0 256 0 0 256 254 156 0 139 0 0 181 162 112 0 99 0 256 256 160 256 0 220 253 119 0 218 256 0 65 122 0 256 256 256 0 0 100 0 256 183 0 256 22 99 193 4 210 256 0 44 69 0 208 149 253 101 230 256 256 0 0 
0 0 0 0 0 1 0 0 1 0 1 1 0 1 0 0 0 0 1 0 0 1 0 1 0 0 0 0 0 0 1 1 1 0 1 0 0 0 1 0 0 1 1 1 0 1 1 0 0 0 1 1 0 0 0 0 0 0 1 0 0 0 1 1 1 0 0 0 0 1 0 0 0 0 0 1 0 1 0 0 0 0 0 0 1 0 1 0 0 0 0 0 0 0 0 0 1 0 0 0 	0 64 124 0 0 256 213 91 256 192 256 256 172 256 84 0 221 0 256 0 0 256 0 256 0 0 0 106 84 0 256 256 256 209 256 253 175 253 256 9 149 256 256 256 0 256 256 0 0 0 256 256 0 29 0 0 253 180 256 232 77 211 256 256 256 0 254 80 76 256 253 253 254 0 166 256 59 256 0 254 84 167 0 0 256 0 256 221 56 191 0 219 0 253 0 0 256 0 0 162 
1 0 1 0 1 1 0 0 1 0 1 1 0 0 0 0 0 0 0 1 0 1 0 1 0 0 0 1 0 0 0 0 0 0 0 0 1 0 0 0 1 0 0 0 0 1 0 0 0 0 0 0 0 0 0 1 1 1 1 0 0 0 0 0 0 0 1 0 0 1 0 0 1 0 0 1 1 1 0 0 0 0 0 0 0 0 0 0 0 0 0 1 0 0 0 0 1 0 0 0 	256 0 256 0 256 256 64 0 256 0 256 256 0 0 28 0 0 235 0 256 0 256 0 256 135 0 0 256 151 0 97 0 0 54 197 253 256 0 253 0 256 157 211 253 0 256 0 60 188 153 0 0 16 0 26 256 256 256 256 0 172 0 0 0 253 190 256 206 0 256 65 0 256 43 128 256 256 256 189 170 168 239 94 0 197 0 0 0 132 253 0 256 0 115 151 253 256 0 0 0 
0 0 0 0 0 0 0 0 1 0 0 0 0 1 1 0 1 0 0 0 0 1 0 1 0 0 0 1 0 0 1 0 1 0 0 1 1 0 0 0 0 0 0 0 0 1 0 0 0 0 0 0 0 0 0 0 0 1 0 0 0 0 1 0 0 0 0 0 0 1 1 0 0 0 0 0 0 1 0 0 0 0 0 0 0 1 0 0 0 0 0 0 0 0 0 0 0 1 0 0 	229 155 50 0 0 0 0 0 256 11 35 0 0 256 256 0 256 0 147 151 0 256 95 256 0 150 98 256 234 0 256 0 256 52 0 256 256 118 0 193 253 0 161 223 234 256 0 0 226 0 0 0 67 0 0 0 253 256 246 27 0 253 256 130 168 254 121 219 0 256 256 0 9 0 182 234 201 256 0 0 0 0 0 247 0 256 219 0 0 237 110 213 76 0 139 213 106 256 63 224 
0 1 1 0 0 0 0 0 1 0 0 0 0 0 1 0 0 0 1 0 1 1 1 1 0 0 0 0 0 0 0 1 0 0 1 1 1 0 0 0 1 1 1 0 0 1 0 0 0 0 1 1 0 0 0 0 1 1 1 0 0 0 1 1 0 0 0 0 0 1 1 1 0 0 0 0 1 0 0 0 0 0 0 0 1 0 1 0 0 0 0 0 0 0 0 0 0 0 0 0 	0 256 256 219 186 0 0 0 256 0 0 0 44 51 256 120 0 216 256 144 256 256 256 256 0 80 0 0 0 24 0 256 254 24 256 256 256 133 0 139 256 256 256 0 95 256 244 0 25 0 256 256 0 0 121 91 256 256 256 27 0 0 256 256 9 0 13 213 0 256 256 256 0 216 203 89 256 254 0 0 225 0 0 230 256 0 256 159 36 190 117 157 0 71 0 231 70 84 0 0 
0 1 1 0 1 0 0 0 1 0 0 1 0 1 0 0 0 0 0 0 1 1 1 1 0 0 0 0 0 0 0 0 0 1 0 1 0 0 1 1 1 0 1 1 0 0 1 0 0 0 0 1 0 0 0 0 1 0 1 0 0 0 0 0 1 0 0 0 0 1 1 1 0 0 0 1 1 0 1 0 0 0 0 0 0 0 1 0 0 0 0 0 0 1 0 0 1 0 0 0 	254 256 256 0 256 109 0 143 256 0 35 256 63 256 0 246 0 151 197 0 256 256 256 256 27 0 253 0 0 0 94 0 229 256 0 256 253 0 256 256 256 127 256 256 0 39 256 0 162 253 0 256 0 253 0 0 256 0 256 0 40 22 253 0 256 0 254 0 89 256 256 256 254 234 0 256 256 0 256 0 253 46 0 188 7 0 256 0 0 253 63 64 0 256 0 0 256 0 0 0 
0 1 1 0 1 1 0 0 1 0 1 1 1 1 0 0 1 0 1 0 0 1 0 0 0 0 0 1 1 1 1 1 0 0 0 0 1 0 0 1 0 1 1 0 0 1 1 0 0 0 1 1 0 0 0 0 1 0 1 0 0 0 1 1 0 1 0 0 0 1 1 1 1 0 0 0 1 1 0 0 0 0 0 0 0 0 1 0 0 0 0 0 0 0 0 1 0 1 0 0 	186 256 256 248 256 256 2 244 256 0 256 256 256 256 0 0 256 50 256 253 36 256 253 254 0 178 17 256 256 256 256 256 0 253 71 244 256 154 0 256 253 256 256 228 0 256 256 0 0 253 256 256 250 83 201 0 256 2 256 51 251 253 256 256 0 256 253 92 0 256 256 256 256 0 148 0 256 256 0 184 0 0 4 177 153 0 256 0 22 0 0 255 61 253 88 256 0 256 0 0 
1 0 0 0 0 1 1 0 0 0 1 0 0 1 0 0 0 0 0 0 0 1 1 1 0 0 0 0 1 0 1 1 0 0 1 1 1 0 1 0 0 0 1 0 0 0 1 0 0 0 1 0 0 0 0 1 0 0 1 0 0 0 0 1 0 0 0 0 0 0 1 0 1 0 0 0 0 1 0 0 0 0 0 0 1 0 0 0 0 1 0 1 0 1 0 0 1 0 0 0 	256 45 0 75 0 256 256 140 253 0 256 0 246 256 119 0 145 0 0 84 101 256 256 256 8 0 0 221 256 0 256 256 169 151 256 256 256 0 256 207 3 214 256 0 0 0 256 245 0 0 256 167 0 48 119 256 0 0 256 0 0 12 9 256 253 101 253 8 0 0 256 0 256 198 0 0 0 256 92 253 1 0 119 93 256 254 0 88 0 256 147 256 71 256 13 0 256 37 0 49 
1 1 0 0 0 1 0 0 1 0 0 0 0 0 0 0 0 0 0 0 0 1 1 1 0 0 0 1 0 0 1 1 1 0 0 0 1 0 0 0 0 0 0 1 0 0 0 0 0 0 1 0 0 0 0 0 1 0 1 0 0 0 0 1 0 0 0 0 0 0 1 1 0 0 0 0 1 0 0 1 1 0 0 0 0 1 1 0 0 0 0 0 0 0 0 0 0 0 0 0 	256 256 0 0 94 256 253 0 256 0 60 0 46 34 253 68 146 4 0 0 0 256 256 256 206 135 253 256 0 0 256 256 256 117 200 118 256 0 0 224 159 118 0 256 166 0 0 0 76 0 256 0 194 253 0 0 256 0 256 0 0 253 0 256 0 0 0 0 53 0 256 256 236 0 0 17 256 253 128 256 256 0 0 13 188 256 256 0 204 253 0 0 0 0 24 33 0 84 70 0 
1 1 0 0 0 0 1 0 1 0 0 1 0 0 0 0 1 0 0 0 0 1 1 1 0 0 0 1 0 1 1 0 1 1 0 0 0 0 0 0 0 0 1 0 0 0 1 0 0 0 1 0 0 0 0 0 0 0 0 0 0 0 0 1 0 1 0 0 0 1 1 1 0 0 0 0 0 1 0 0 0 0 0 0 0 0 1 0 0 1 0 0 0 0 0 0 1 0 0 0 	256 256 0 0 0 0 256 170 256 0 0 256 47 48 0 129 256 0 0 10 188 256 256 256 164 0 0 256 0 256 256 248 256 256 242 253 103 0 0 0 66 0 256 0 4 240 256 60 0 0 256 0 191 253 143 6 253 0 0 0 175 87 0 256 0 256 139 21 163 256 256 256 0 201 0 144 0 256 132 0 0 0 0 109 0 0 256 0 178 256 0 0 0 107 0 113 256 129 195 29 
0 1 0 0 0 1 0 0 1 0 1 1 0 1 0 0 1 0 1 0 0 1 1 1 0 0 0 0 0 0 1 0 1 1 1 1 0 0 1 0 0 1 1 0 0 1 0 0 0 0 0 1 0 0 0 0 1 0 0 0 0 0 0 1 1 0 0 0 0 1 0 1 1 0 0 1 1 0 1 0 0 0 0 0 0 0 1 0 0 0 0 0 0 1 0 0 0 1 0 0 	254 256 207 0 98 256 0 176 256 0 256 256 55 256 112 0 256 60 256 237 253 256 256 256 105 188 51 0 0 110 256 0 256 256 256 256 127 35 256 8 253 256 256 0 0 256 180 0 0 0 244 256 0 0 0 0 256 225 107 112 178 0 42 256 256 2 68 0 24 256 253 256 256 98 207 256 256 254 256 255 0 213 133 0 0 0 256 208 239 253 0 0 0 256 19 0 0 256 39 0 
0 1 0 0 0 0 0 0 1 0 0 1 1 0 0 0 0 0 1 0 0 1 1 1 0 0 0 1 0 0 1 0 0 1 1 0 1 0 0 0 0 1 0 0 0 1 0 0 0 0 0 1 0 1 0 0 0 0 0 0 0 0 0 0 0 1 0 0 0 1 1 1 0 0 0 0 1 1 0 0 0 0 0 0 0 0 1 0 0 0 0 0 0 1 0 1 0 1 0 0 	254 256 0 56 0 164 0 214 256 0 0 256 256 0 0 72 202 224 256 158 0 256 256 256 0 182 202 256 0 150 256 0 253 256 256 0 256 142 67 0 193 256 158 253 169 256 0 10 0 0 85 256 5 256 131 7 253 217 0 0 212 0 210 0 0 256 143 218 0 256 256 256 0 196 61 0 256 256 82 94 79 0 0 124 0 10 256 197 0 118 155 0 134 256 0 256 0 256 19 99 
0 1 0 0 0 0 0 0 1 0 1 1 0 1 1 0 0 0 0 0 0 1 1 1 0 0 0 1 0 0 1 0 0 0 0 1 1 0 0 1 0 0 1 0 0 0 0 0 0 0 1 1 0 0 0 1 1 1 0 0 0 0 1 1 0 0 0 0 0 1 1 1 1 0 0 1 1 0 0 0 0 0 0 0 0 0 1 0 0 0 0 0 0 0 0 0 0 0 0 0 	254 256 0 0 3 0 114 0 256 0 256 256 0 256 256 45 235 184 80 253 0 256 256 256 137 197 0 256 0 0 256 156 115 254 76 256 256 254 0 256 0 225 256 254 0 14 198 11 0 6 256 256 0 126 150 256 256 256 0 59 221 57 256 256 155 253 253 0 0 256 256 256 256 0 0 256 256 155 0 0 119 99 220 1 0 181 256 0 0 124 129 254 0 253 0 169 0 0 50 0 
1 0 1 0 0 0 0 0 1 0 0 1 0 1 0 0 1 0 1 0 0 1 0 1 0 0 0 1 0 0 1 1 1 0 0 0 1 0 0 0 0 0 1 0 0 0 1 0 0 0 1 0 0 0 0 0 1 0 1 0 0 0 0 1 0 0 0 0 0 0 1 1 1 0 0 0 1 0 0 0 0 0 0 0 0 0 1 0 0 0 0 0 0 0 0 0 1 1 0 0 	256 0 256 0 112 239 0 50 256 200 0 256 134 256 137 0 256 51 256 253 0 256 253 256 0 0 140 256 30 211 256 256 256 253 0 253 256 226 0 0 0 114 256 253 0 0 256 121 0 0 256 156 0 0 179 0 256 0 256 199 143 253 93 256 105 22 253 122 0 0 256 256 256 121 0 34 256 0 140 254 0 0 69 0 109 119 256 0 57 102 105 253 167 253 196 50 256 256 0 0 
1 0 0 0 1 0 0 0 1 0 1 0 1 0 0 0 1 0 1 0 0 1 0 1 0 0 0 1 1 0 1 0 1 0 0 0 0 0 0 0 0 0 1 1 0 0 1 0 0 0 1 1 0 0 0 0 0 0 0 0 0 0 0 0 0 0 0 0 0 0 1 1 1 0 0 0 1 1 0 0 0 0 0 0 0 0 1 0 0 0 0 0 0 1 0 0 1 0 0 0 	256 0 99 0 256 0 253 146 256 49 256 21 256 0 36 0 256 122 256 0 146 256 254 256 172 0 0 256 256 148 256 39 256 254 121 0 253 243 161 160 0 0 256 256 163 0 256 116 225 253 256 256 0 164 59 136 118 0 108 0 0 253 0 0 91 190 253 15 152 0 256 256 256 200 0 0 256 256 80 16 0 0 4 227 0 121 256 0 0 0 48 0 165 256 80 170 256 0 0 170 
0 0 0 0 0 0 0 0 1 0 1 0 1 0 0 0 0 0 1 0 0 1 1 1 0 0 0 0 0 0 1 1 1 0 1 1 0 0 1 0 0 0 0 0 0 0 0 0 0 0 1 1 0 0 0 1 1 0 1 0 0 0 0 1 0 1 0 0 0 0 1 1 0 0 0 0 0 0 1 0 0 0 0 0 0 0 1 0 0 0 0 0 0 1 0 0 1 1 0 0 	0 226 162 185 0 211 0 44 256 173 256 57 256 0 0 30 92 0 256 174 0 256 256 256 0 0 99 0 114 191 256 256 256 0 256 256 131 61 256 24 160 0 8 153 129 0 62 181 227 0 256 256 0 239 0 256 256 0 256 139 0 0 0 256 126 256 135 0 160 115 256 256 0 0 0 0 254 0 256 0 75 0 0 239 77 112 256 112 0 162 0 0 78 256 72 0 256 256 189 0 
1 0 0 0 0 0 0 0 1 0 0 1 0 0 1 0 0 0 1 1 0 1 0 1 0 0 0 0 0 0 0 0 1 0 0 1 1 0 1 0 1 0 1 0 0 0 1 0 0 1 0 1 0 0 0 0 0 0 0 0 0 0 0 1 0 0 0 0 0 0 1 0 1 0 0 1 1 1 1 0 1 0 0 0 0 0 0 0 0 0 0 0 0 0 0 0 0 1 0 0 	256 0 172 9 0 0 253 142 256 0 31 256 253 248 256 153 0 179 256 256 113 256 0 256 0 19 211 3 154 0 193 0 256 253 165 256 256 217 256 0 256 153 256 253 161 0 256 0 0 256 223 256 0 108 235 128 218 0 0 0 185 253 0 256 140 60 0 0 202 57 256 0 256 0 0 256 256 256 256 0 256 199 195 200 0 0 0 0 62 0 0 219 0 253 0 0 0 256 168 180 
1 0 0 0 1 1 1 0 0 0 1 1 0 1 1 0 0 0 0 0 0 1 0 1 0 0 0 1 0 0 1 0 0 0 0 1 0 0 0 1 0 0 1 0 0 0 1 0 0 0 0 1 0 0 0 0 0 0 0 0 0 1 0 0 0 0 1 0 0 0 1 0 1 0 0 0 1 0 0 0 0 0 0 0 0 0 0 0 0 0 0 0 0 1 0 1 0 0 0 0 	256 230 180 0 256 256 256 47 117 0 256 256 247 256 256 0 89 82 0 9 0 256 60 256 49 22 0 256 234 0 256 0 0 253 0 256 0 0 253 256 188 77 256 0 135 0 256 101 0 113 0 256 0 250 247 255 253 140 31 0 19 256 217 0 0 0 256 0 15 89 256 0 256 0 0 255 256 0 253 0 187 0 93 27 0 124 0 0 0 0 0 0 0 256 191 256 167 0 0 122 
0 0 0 0 0 0 0 0 1 0 0 1 0 1 0 0 0 0 1 0 0 1 1 1 0 0 0 0 0 0 1 0 1 1 0 0 1 0 1 1 0 0 0 0 0 1 0 0 0 0 1 0 0 1 0 0 1 1 0 0 0 0 0 1 0 0 0 0 0 1 1 0 1 0 0 1 0 0 0 0 1 0 0 0 0 0 0 0 0 0 0 0 0 1 0 0 0 1 0 0 	253 248 62 180 170 0 253 0 256 132 0 256 253 256 178 211 29 0 256 253 0 256 256 256 0 145 160 0 0 0 256 210 256 256 0 214 256 199 256 256 0 253 74 254 251 256 0 169 0 251 256 0 0 256 46 146 256 256 0 0 36 0 210 256 179 162 0 175 0 256 256 0 256 0 124 256 207 253 183 58 256 159 134 64 0 0 76 0 66 41 0 0 0 256 60 0 117 256 43 0 
1 0 0 0 0 1 0 0 1 0 0 0 0 0 1 0 0 0 1 0 1 1 1 1 0 0 1 0 0 1 0 0 1 1 0 1 1 0 0 0 1 0 1 1 0 0 0 0 0 0 1 0 0 0 0 1 0 0 0 0 0 0 0 1 0 0 0 0 0 0 1 1 1 0 0 1 0 1 0 0 0 0 0 0 0 0 1 0 0 0 0 0 0 1 0 1 0 1 0 0 	256 0 142 106 116 256 253 2 256 125 253 22 253 105 256 131 0 0 256 0 256 256 256 256 0 158 256 0 0 256 0 111 256 256 0 256 256 188 253 0 256 0 256 256 0 0 21 0 6 0 256 59 247 0 112 256 253 180 0 0 33 0 0 256 0 0 253 0 0 0 256 256 256 0 0 256 43 256 253 0 26 235 155 0 0 0 256 0 0 0 108 254 0 256 0 256 0 256 204 47 
1 0 0 0 0 1 0 0 1 0 1 1 0 1 0 0 1 0 0 0 0 1 1 1 0 0 1 0 0 0 1 0 0 1 1 1 1 0 1 0 0 0 1 1 0 1 1 0 0 0 0 0 0 0 0 1 1 0 0 0 0 0 0 1 0 0 0 0 0 1 1 1 1 0 0 0 0 1 1 0 0 0 0 0 0 0 1 0 0 1 0 0 0 1 0 0 0 0 0 0 	256 0 138 0 121 256 0 133 256 81 256 256 0 256 253 71 256 0 0 0 0 256 256 256 51 158 256 0 158 0 256 0 0 256 256 256 256 0 256 0 253 51 256 256 70 256 256 5 135 0 219 0 0 253 0 256 256 212 0 155 111 7 246 256 52 0 179 0 0 256 256 256 256 216 116 202 0 256 256 254 0 0 71 214 0 0 256 133 0 256 217 253 218 256 0 0 0 67 226 0 
0 1 0 0 0 0 0 0 1 0 1 0 1 1 0 0 0 0 1 0 0 1 0 1 0 0 0 1 1 0 1 0 0 0 0 0 1 0 0 1 0 0 1 1 0 0 1 0 0 1 1 0 0 0 0 0 0 0 0 0 0 0 0 1 0 0 0 0 0 0 1 0 1 0 0 0 1 1 0 0 1 0 0 0 0 0 1 0 0 0 0 0 0 1 0 1 0 0 0 0 	254 256 44 0 122 245 94 9 256 0 256 0 256 256 221 0 40 112 256 0 241 256 41 256 0 53 0 256 256 0 256 37 192 143 0 57 256 253 253 256 165 55 256 256 0 0 256 119 0 256 256 193 0 0 0 253 253 37 0 178 0 115 38 256 0 0 0 0 50 9 256 123 256 23 0 0 256 256 253 253 256 0 6 9 0 253 256 0 0 0 25 81 15 256 0 256 0 41 0 215 
1 0 1 0 1 1 1 0 1 0 1 0 0 0 0 0 0 0 0 0 1 1 1 0 0 0 0 0 0 1 0 1 0 1 0 0 0 0 0 0 1 1 1 0 0 1 0 0 0 0 1 1 0 0 0 1 1 1 1 0 0 0 0 1 0 0 0 0 0 1 1 0 1 0 0 1 1 1 0 0 0 0 0 0 0 0 1 0 0 0 0 0 0 1 0 0 1 0 0 0 	256 0 256 51 256 256 256 0 256 178 256 205 0 44 0 0 0 78 0 75 256 256 256 254 0 0 0 0 0 256 0 256 0 256 0 222 60 0 253 75 256 256 256 0 157 256 168 0 0 231 256 256 165 0 0 256 256 256 256 0 66 246 0 256 253 0 253 75 158 256 256 253 256 82 168 256 256 256 245 135 108 247 127 0 241 0 256 0 101 0 0 0 0 256 0 253 256 252 0 0 
0 1 0 0 0 1 0 0 1 0 0 1 0 1 0 0 0 0 0 0 0 1 1 1 0 0 0 1 0 0 1 0 0 0 0 1 1 0 0 0 0 0 1 0 0 1 1 0 0 0 1 0 0 0 0 0 1 0 0 0 0 0 1 1 0 0 0 0 0 1 0 1 0 0 0 0 0 0 0 0 1 0 0 0 0 0 1 0 0 0 0 0 0 1 0 0 0 0 0 0 	255 256 0 207 0 256 176 95 256 0 0 256 174 256 253 0 254 0 249 226 0 256 256 256 90 119 9 256 216 189 256 238 219 253 201 256 256 0 203 0 0 30 256 70 0 256 256 0 184 0 256 0 0 0 0 0 256 182 1 0 8 253 256 256 174 0 0 0 0 256 227 256 255 187 47 0 237 87 0 254 256 0 0 0 0 107 256 0 18 139 135 255 0 256 65 178 0 0 47 0 
0 1 0 0 1 1 0 0 1 0 1 0 1 0 1 0 0 0 1 0 0 1 0 1 0 0 0 0 0 0 0 1 0 0 1 1 1 0 0 0 1 1 1 0 0 1 0 0 0 0 1 1 0 0 0 0 0 0 1 0 0 0 0 1 0 0 0 0 0 1 0 0 0 0 0 0 1 1 0 0 1 0 0 0 1 0 1 0 0 0 0 0 0 1 0 0 0 0 0 0 	254 256 50 35 256 256 0 163 256 0 256 0 256 0 256 0 0 33 256 219 0 256 0 256 0 181 0 225 99 0 0 256 48 19 256 256 256 253 0 0 256 256 256 253 58 256 215 0 164 96 256 256 0 56 36 0 0 0 256 0 67 0 0 256 230 54 0 33 0 256 0 181 30 0 81 0 256 256 78 0 256 0 0 0 256 0 256 90 104 131 0 87 45 256 252 184 0 0 0 61 
1 0 0 0 1 0 0 0 1 0 1 0 0 1 0 0 0 0 0 0 0 1 1 1 0 0 0 1 0 1 1 1 0 0 1 0 1 0 0 1 0 1 1 1 0 1 1 0 0 1 1 1 0 0 0 0 1 0 1 0 0 0 1 1 0 0 0 0 0 1 1 0 0 0 0 0 1 1 0 0 1 0 0 0 1 0 0 0 0 0 0 0 0 0 0 0 1 0 0 0 	256 0 0 219 256 96 0 76 256 229 256 0 0 256 119 248 91 138 0 0 206 256 256 256 0 0 0 256 0 256 256 256 0 253 256 47 256 130 0 256 0 256 256 256 66 256 256 29 0 256 256 256 196 43 0 35 256 53 256 170 0 112 256 256 99 46 0 0 0 256 256 0 78 227 199 232 256 256 0 78 256 0 0 19 256 253 66 156 0 16 22 0 0 253 10 163 256 64 14 0 
0 0 1 0 1 1 0 0 1 0 1 1 0 0 1 0 0 0 0 0 0 1 0 1 0 0 0 1 0 0 1 0 1 0 1 1 1 0 0 0 0 0 1 0 0 0 0 0 0 0 0 1 0 0 0 0 1 0 1 0 0 0 0 1 0 0 0 0 0 0 0 1 1 0 0 0 0 0 0 0 1 0 0 0 0 0 1 0 0 1 0 0 0 1 0 0 0 1 0 0 	0 5 256 0 256 256 94 172 256 10 256 256 0 0 256 129 253 0 49 189 0 256 253 256 58 8 149 256 197 83 256 0 256 79 256 256 256 24 249 0 214 228 256 0 158 0 253 0 55 20 129 256 0 0 0 237 256 0 256 0 245 0 0 256 0 253 0 0 225 31 13 256 256 0 0 85 0 136 117 0 256 0 204 0 156 0 256 119 0 256 0 224 0 256 0 234 56 256 0 0 
1 0 0 0 1 0 0 0 1 0 0 0 0 1 0 0 0 0 0 0 0 1 1 1 0 0 0 0 0 0 1 1 0 0 0 1 1 0 1 1 0 0 0 0 0 0 0 0 0 1 1 1 0 0 0 1 0 1 1 0 0 0 0 1 0 0 0 0 0 1 1 1 1 0 0 0 0 1 1 0 1 0 0 0 0 0 1 0 0 0 0 0 0 1 0 0 1 0 0 0 	256 0 0 0 256 0 247 0 256 71 253 54 65 256 25 62 254 0 179 253 184 256 256 256 41 0 0 142 198 0 256 256 80 0 0 256 256 0 256 256 172 0 179 0 32 97 0 0 0 256 256 256 0 51 63 256 0 256 256 3 0 207 253 256 253 0 0 0 187 256 256 256 256 0 0 115 114 256 256 48 256 0 240 199 181 253 256 0 205 18 0 104 0 256 91 0 256 0 0 247 
1 1 1 0 0 1 1 0 1 0 1 0 0 1 0 0 0 0 0 0 0 1 0 1 0 0 0 0 0 0 1 1 1 0 1 0 0 0 1 0 0 0 1 0 0 0 1 0 0 0 1 0 0 0 0 1 1 0 1 0 0 0 1 0 0 0 0 0 0 0 1 0 1 0 0 0 0 0 0 0 0 0 0 0 1 0 1 0 0 1 0 0 0 0 0 0 0 0 0 0 	256 256 256 0 120 256 256 216 256 0 256 104 172 256 18 0 57 0 0 166 0 256 0 256 85 68 0 152 10 49 256 256 256 132 256 0 0 0 256 137 0 0 256 0 140 0 256 0 0 0 256 253 205 235 0 256 256 0 256 99 0 94 256 80 253 0 227 239 158 0 256 38 256 121 0 180 0 114 0 17 111 0 27 11 256 253 256 168 27 256 0 220 0 253 26 0 0 0 0 0 
1 0 0 0 1 0 0 0 1 0 1 1 0 0 1 0 0 0 0 0 0 1 1 1 0 0 0 1 0 1 1 0 1 1 0 1 1 0 0 0 0 1 1 0 0 1 1 0 0 1 1 1 0 0 0 0 0 0 0 0 0 0 0 1 0 0 0 0 0 1 1 1 0 0 0 0 1 1 0 0 1 0 0 0 0 0 1 0 0 0 0 0 0 1 0 1 0 1 0 0 	256 0 0 0 256 27 221 136 256 65 256 256 0 0 256 131 254 210 131 253 253 256 256 256 0 199 166 256 0 256 256 1 256 256 218 256 256 254 253 81 253 256 256 254 216 256 256 15 0 256 256 256 244 0 80 253 253 177 22 0 48 253 0 256 0 177 0 0 136 256 256 256 0 0 127 135 256 256 253 0 256 0 0 101 0 0 256 0 0 181 151 178 0 256 78 256 150 256 154 171 
1 0 1 0 1 0 1 0 1 0 1 1 0 0 0 0 0 0 0 0 0 1 0 1 0 0 0 1 0 1 1 1 0 1 0 0 1 0 0 1 0 0 1 0 0 0 0 0 0 1 1 1 0 0 0 0 1 1 1 0 0 0 0 1 0 0 0 0 0 1 1 1 0 0 0 0 0 0 0 0 1 0 0 0 0 0 1 0 0 0 0 0 0 1 0 0 0 0 0 0 	256 0 256 0 256 149 256 0 256 18 256 256 58 0 253 85 27 0 0 205 149 256 178 256 15 150 115 256 0 256 256 256 83 256 0 254 256 0 102 256 208 0 256 0 252 170 110 0 117 256 256 256 196 175 0 168 256 256 256 62 221 143 163 256 172 30 0 214 58 256 256 256 0 77 0 0 125 93 109 253 256 0 0 180 163 0 256 0 0 95 51 251 0 256 213 10 132 4 0 0 
1 0 0 0 0 0 0 0 1 0 0 1 0 1 0 0 0 0 0 0 1 1 0 1 0 0 0 1 0 0 0 1 0 0 1 1 1 0 0 0 1 1 1 1 0 1 1 0 0 0 1 1 0 0 0 1 1 0 1 0 0 0 1 1 0 0 0 0 0 1 1 0 0 0 0 1 0 0 0 0 0 0 0 0 1 0 1 0 0 0 0 0 0 1 0 0 1 0 0 0 	256 233 104 0 0 24 253 205 256 222 253 256 0 256 187 177 0 0 0 0 256 256 254 256 90 0 0 256 0 136 188 256 221 254 256 256 256 253 253 184 256 256 256 256 45 256 256 0 0 0 256 256 0 88 58 256 256 198 256 0 81 186 256 256 253 0 253 0 0 256 256 42 253 0 189 256 64 49 0 254 49 15 0 221 256 84 256 232 121 210 171 253 0 256 128 253 256 0 100 0 
0 0 1 0 0 0 0 0 1 0 0 1 1 1 0 0 0 0 1 0 0 1 0 1 0 0 1 0 1 0 1 0 0 0 0 0 1 0 1 1 0 0 1 0 0 0 1 0 0 0 1 1 0 0 0 0 1 0 0 0 0 0 1 1 1 0 0 0 0 0 0 0 0 0 0 0 0 0 0 0 0 0 0 0 0 0 1 0 0 0 0 0 0 1 0 0 0 1 0 0 	194 177 256 0 117 0 0 22 256 203 0 256 256 256 51 159 253 0 256 253 253 256 253 256 41 225 256 158 256 75 256 124 68 253 138 253 256 227 256 256 253 247 256 253 0 0 256 104 32 137 256 256 0 223 0 0 256 0 0 247 101 253 256 256 256 0 253 200 0 97 141 253 254 15 0 0 200 235 0 241 253 46 0 0 0 133 256 0 133 176 0 254 178 256 183 0 0 256 0 0 
0 1 0 0 0 1 0 0 1 0 1 1 1 0 0 0 0 0 1 0 0 1 0 1 0 0 1 1 0 0 1 0 0 0 0 0 1 0 0 0 0 0 0 0 0 0 1 0 0 0 1 1 0 0 0 0 1 0 0 0 0 0 0 1 0 0 0 0 0 0 0 1 0 0 0 0 0 0 0 0 0 0 0 0 0 0 1 0 0 0 0 0 0 0 0 0 1 1 0 0 	253 256 149 89 63 256 0 107 256 0 256 256 256 187 20 0 222 0 256 152 30 256 253 256 0 0 256 256 0 119 256 68 210 0 12 253 256 92 0 169 70 133 168 99 146 0 256 0 87 252 256 256 0 83 70 14 256 0 0 127 23 253 0 256 102 0 170 205 0 0 38 256 253 0 0 0 0 229 204 51 205 0 0 0 0 0 256 0 53 0 0 253 0 0 120 105 256 256 160 0 
0 1 0 0 0 0 0 0 1 0 1 0 0 1 0 0 0 0 0 0 1 1 1 1 0 0 0 0 0 0 0 1 0 1 1 0 1 0 1 0 1 1 0 1 0 1 0 0 0 0 1 1 0 0 0 0 1 1 1 0 0 0 0 1 0 0 0 0 0 1 0 0 1 0 0 1 1 1 0 0 0 0 0 0 1 0 1 0 0 0 0 0 0 1 0 0 0 0 0 0 	0 256 0 0 0 253 45 0 256 0 256 9 0 256 0 0 0 115 129 0 256 256 256 256 0 149 0 0 0 134 0 256 49 256 256 45 256 254 256 0 256 256 244 256 0 256 0 110 117 0 256 256 0 96 0 161 256 256 256 214 0 0 30 256 251 0 208 175 0 256 0 6 256 8 141 256 256 256 21 165 198 69 208 0 256 253 256 227 237 248 0 253 0 256 0 0 0 98 0 33 
0 0 1 0 0 0 0 0 1 0 0 1 0 0 0 0 0 0 1 0 0 1 0 1 0 0 0 1 0 0 1 1 1 0 1 0 0 0 0 0 0 1 0 1 0 1 0 0 0 0 1 1 0 0 0 0 1 1 1 0 0 0 0 1 0 1 0 0 0 1 1 1 1 0 0 0 0 0 0 0 0 0 0 0 0 0 1 0 0 1 0 0 0 1 0 0 1 1 0 0 	254 219 256 109 0 155 253 0 256 226 157 256 187 0 0 0 42 0 256 0 0 256 253 256 62 0 61 256 157 0 256 256 256 253 256 253 0 254 149 0 215 256 125 256 18 256 0 0 0 0 256 256 0 194 135 136 256 256 256 185 245 0 0 256 228 256 135 142 219 256 256 256 256 0 225 178 0 254 98 0 71 0 99 117 139 169 256 123 0 256 121 131 177 256 67 100 256 256 0 0 
0 1 1 0 0 1 0 0 1 0 0 0 0 0 0 0 0 0 0 1 0 1 0 0 0 0 0 1 0 0 1 1 0 0 0 0 0 0 0 0 0 0 1 0 0 0 0 0 0 0 1 1 0 0 0 1 1 1 1 0 0 1 0 1 0 0 0 0 0 1 1 1 0 0 0 0 1 0 0 0 0 0 0 0 0 0 1 0 0 0 0 0 0 0 0 1 0 0 0 0 	255 256 256 49 0 256 0 0 256 0 253 0 0 182 253 0 182 202 206 256 0 256 0 100 0 190 253 256 0 0 256 256 123 253 0 5 0 0 253 115 0 0 256 253 231 146 157 0 33 0 256 256 0 128 0 256 256 256 256 0 0 256 0 256 0 81 6 0 170 256 256 256 255 157 0 0 256 18 253 254 203 68 0 123 87 231 256 0 237 0 0 0 39 42 241 256 0 151 0 0 
0 1 1 0 0 1 0 0 1 0 1 1 0 0 1 0 1 0 1 0 0 1 1 1 0 0 0 0 0 0 1 0 1 1 1 0 0 0 1 0 0 0 0 1 0 0 0 0 0 0 0 1 0 0 0 0 1 1 0 0 0 0 0 0 1 0 0 0 0 1 0 1 0 0 0 1 1 0 0 0 0 0 0 0 0 0 1 0 0 0 0 0 0 1 0 0 0 1 0 0 	253 256 256 0 0 256 0 0 256 0 256 256 89 0 256 2 256 131 256 0 0 256 256 256 0 102 40 0 136 0 256 0 256 256 256 0 111 253 256 0 0 4 202 256 234 214 0 128 18 0 0 256 0 0 0 0 256 256 226 0 195 0 0 0 256 227 253 142 152 256 253 256 253 0 0 256 256 161 168 0 0 224 0 0 0 127 256 249 0 123 0 124 0 256 171 0 98 256 0 0 
0 1 0 0 0 1 0 0 1 0 0 1 0 1 0 0 1 0 0 0 0 1 0 0 0 0 0 1 1 1 1 0 0 0 1 0 1 0 0 0 0 1 1 1 0 1 0 0 0 0 1 0 0 0 0 0 0 1 1 0 0 0 1 0 0 0 0 0 0 1 0 1 0 0 0 0 1 1 0 0 0 0 0 0 0 0 1 0 0 0 0 0 0 1 0 0 0 0 0 0 	253 256 26 216 0 256 0 0 256 0 253 256 163 256 253 27 256 143 4 0 196 256 254 253 44 24 89 256 256 256 256 61 253 254 256 0 256 0 253 0 55 256 256 256 68 256 253 147 181 0 256 253 242 39 0 253 0 256 256 0 116 237 256 0 253 31 113 46 0 256 253 256 253 0 39 0 256 256 0 253 0 0 0 0 105 0 256 206 178 0 0 253 159 256 131 253 160 116 81 164 
0 1 0 0 1 0 0 0 1 0 1 1 0 1 0 0 0 0 0 0 0 1 1 1 0 0 0 1 0 1 1 0 1 0 0 1 1 0 0 1 0 0 1 0 0 0 1 0 0 1 0 0 0 0 0 1 0 0 0 0 0 0 0 1 0 1 0 0 0 1 1 1 1 0 0 1 1 1 0 0 1 0 0 0 0 0 1 0 0 0 0 0 0 1 0 0 0 0 0 0 	105 256 0 0 256 0 0 215 256 0 256 256 0 256 0 0 254 235 244 204 250 256 256 256 0 120 0 256 0 256 256 0 256 254 0 256 256 254 14 256 157 254 256 254 69 254 256 164 0 256 119 1 37 0 0 256 253 0 11 25 60 253 88 256 0 256 0 0 0 256 256 256 256 0 0 256 256 256 91 42 256 207 60 0 0 0 256 0 228 13 109 253 0 256 0 173 54 0 98 246 
0 0 0 0 1 1 0 0 1 0 1 0 1 1 0 0 1 0 1 0 0 1 1 1 0 0 0 1 0 0 1 1 0 0 0 0 1 0 0 1 0 1 1 1 0 1 0 0 0 0 1 1 0 0 0 0 1 0 1 0 0 0 0 1 0 1 0 0 0 1 0 1 1 0 0 0 0 1 0 0 0 0 0 0 0 0 1 0 0 1 0 0 0 1 0 1 1 1 0 0 	0 144 0 0 256 256 0 178 256 91 256 0 256 256 0 86 256 0 256 0 0 256 256 256 216 0 253 256 152 224 256 256 38 255 8 11 256 253 241 256 253 256 256 256 249 256 93 84 169 60 256 256 241 0 0 0 256 83 256 0 0 0 116 256 0 256 253 0 0 256 0 256 256 0 185 0 0 256 0 0 0 0 52 0 247 0 256 0 0 256 0 253 0 256 0 256 256 256 148 210 
1 0 0 0 0 1 0 0 1 0 0 1 0 1 1 0 0 0 0 0 0 1 1 1 0 0 0 1 0 0 1 1 0 0 0 0 1 0 0 0 0 1 1 0 0 1 0 0 0 0 1 0 0 0 0 0 1 1 1 0 0 0 0 1 0 0 0 0 0 1 1 0 0 0 0 0 0 1 0 0 1 0 0 0 0 0 0 0 0 0 0 0 0 0 0 0 0 0 0 0 	256 0 0 105 9 256 96 0 256 0 0 256 0 256 256 0 166 0 0 228 0 256 256 256 0 126 0 256 0 138 256 256 0 254 199 49 256 0 0 0 35 256 256 119 199 256 67 0 0 0 256 149 0 37 203 105 256 256 256 156 126 209 62 256 97 253 0 99 0 256 256 0 194 0 172 0 227 256 39 0 256 0 0 123 116 85 191 0 0 132 0 159 98 0 226 26 211 180 134 0 
0 1 0 0 0 1 0 0 1 0 0 1 0 1 0 0 1 0 1 0 0 0 1 0 0 0 0 1 0 0 1 1 0 0 1 0 1 1 0 0 0 1 1 1 0 0 1 0 0 0 1 1 0 0 0 1 0 0 1 0 0 0 1 1 0 1 0 0 0 1 0 1 1 0 0 1 0 1 0 0 0 0 0 0 0 0 1 0 0 0 0 0 0 0 0 1 1 1 0 0 	253 256 0 230 120 256 253 84 256 0 0 256 253 256 0 54 256 0 256 105 0 0 256 0 0 0 253 256 250 0 256 256 196 122 256 253 256 256 0 180 0 256 256 256 0 252 256 224 62 0 256 256 0 253 0 256 59 9 256 0 88 185 256 256 0 256 0 147 0 256 253 256 256 52 43 256 255 256 0 0 0 87 90 0 253 155 256 226 0 0 0 225 0 253 46 256 256 256 0 198 
0 1 0 0 1 0 0 0 1 0 0 1 0 0 1 0 0 0 0 0 0 1 1 1 0 0 0 0 0 0 1 1 1 1 1 1 0 0 1 0 0 1 0 1 0 1 0 0 0 0 1 0 0 0 0 1 0 1 1 0 0 0 0 1 0 0 0 0 0 1 1 1 1 0 0 0 0 1 1 0 0 0 0 0 1 0 1 0 0 0 0 0 0 1 0 0 0 0 0 0 	253 256 0 2 256 0 0 0 256 0 133 256 40 183 256 235 232 0 176 0 0 256 256 256 218 238 0 0 238 0 256 256 256 256 256 256 194 0 256 207 29 256 219 256 77 256 0 0 208 224 256 253 0 0 218 256 253 256 256 0 194 90 0 256 0 65 34 0 1 256 256 256 256 0 7 0 207 256 256 0 116 0 154 159 256 128 256 117 0 207 0 0 0 256 0 0 64 0 0 126 
0 0 0 0 0 1 0 0 1 0 0 1 0 1 0 0 1 0 0 0 0 1 0 1 0 0 0 1 0 0 1 0 1 0 0 0 1 0 0 0 0 1 1 0 0 1 1 0 0 0 0 1 0 0 0 0 0 0 0 0 0 0 0 0 0 0 0 0 0 1 1 0 1 0 0 0 0 1 0 0 0 0 0 0 0 0 1 0 0 1 0 0 0 1 0 1 1 0 0 0 	0 242 99 115 0 256 46 118 256 32 0 256 242 256 187 206 256 0 49 253 0 256 253 256 67 0 0 256 186 0 256 0 256 230 0 253 256 0 102 82 253 256 256 253 9 256 256 0 0 0 0 256 0 0 0 0 0 21 220 80 124 253 58 51 0 196 253 86 0 256 256 66 256 213 163 0 0 256 11 42 0 0 52 0 0 106 256 0 13 256 110 253 0 256 0 256 256 146 0 45 
1 0 0 0 0 0 0 0 1 0 1 0 1 1 0 0 1 0 1 0 0 1 1 1 0 0 0 0 0 0 1 0 0 1 0 0 1 0 1 0 0 0 1 0 0 0 0 0 0 0 1 1 0 0 0 1 0 1 0 0 0 0 0 0 0 0 0 0 0 1 0 1 0 0 0 0 0 0 1 0 0 0 0 0 0 0 1 0 0 0 0 0 0 1 0 0 0 0 0 0 	256 0 77 168 47 0 253 0 256 110 256 0 256 256 173 0 256 0 256 253 253 256 256 256 19 26 0 0 0 0 256 36 0 256 102 0 256 168 256 0 253 66 256 253 0 35 208 0 189 0 256 256 0 0 218 256 0 256 18 0 0 85 35 0 253 12 100 0 0 256 228 256 254 0 0 0 110 0 256 255 0 0 0 0 0 0 256 0 0 69 0 254 0 256 95 0 198 58 53 138 
1 0 0 0 0 1 0 0 1 0 0 0 0 0 0 0 0 0 0 0 0 1 0 1 0 0 0 1 0 0 1 0 0 0 0 1 1 0 0 0 0 0 0 1 0 0 1 0 0 0 1 0 0 0 0 0 0 0 0 0 0 0 0 1 0 1 0 0 0 0 1 0 0 0 0 0 0 0 0 0 1 0 0 0 0 0 1 0 0 1 0 0 0 1 0 0 1 0 0 0 	256 0 12 0 0 256 253 12 256 10 253 8 185 232 0 0 117 0 0 0 0 256 242 256 139 0 0 256 0 56 256 247 0 0 211 256 256 0 253 0 0 0 217 256 236 0 256 0 0 0 256 0 0 102 6 253 253 110 215 52 0 129 0 256 253 256 0 0 0 0 256 253 84 0 0 247 0 0 253 0 256 0 0 11 0 8 256 0 31 256 0 0 59 256 0 253 256 199 0 42 
0 1 0 0 1 0 0 0 1 0 1 1 0 1 1 0 0 0 1 0 0 1 0 1 0 0 0 1 1 1 1 0 0 0 0 1 1 0 0 1 0 1 1 0 0 1 1 0 0 1 1 0 0 0 0 1 0 0 1 0 0 0 1 0 0 0 0 0 0 1 1 1 0 0 0 0 0 0 0 0 1 0 0 0 0 0 1 0 0 0 0 0 0 0 0 0 0 1 0 0 	253 256 19 0 256 77 253 204 256 0 256 256 251 256 256 13 254 0 256 253 118 256 255 256 95 121 134 256 256 256 256 137 0 255 0 256 256 204 0 256 253 256 256 254 120 256 256 0 0 256 256 18 16 0 0 256 253 78 256 0 175 9 256 0 1 0 0 0 169 256 256 256 254 132 56 195 152 0 0 0 256 220 0 228 1 53 256 0 0 191 67 0 87 253 0 119 0 256 134 52 
1 0 0 0 0 0 0 0 0 0 1 1 0 1 1 0 0 0 0 0 0 1 1 1 0 0 0 1 1 1 1 0 0 0 1 0 1 0 0 1 0 0 0 0 0 1 1 0 0 0 1 0 0 0 0 0 1 0 0 0 0 0 1 0 0 0 0 0 0 1 1 0 1 0 0 0 1 0 0 0 0 0 0 0 0 0 0 0 0 0 0 1 0 0 0 0 0 0 0 0 	256 0 0 0 0 0 27 241 0 0 256 256 0 256 256 0 198 165 70 79 14 256 256 256 0 26 227 256 256 256 256 147 1 0 256 0 256 0 0 256 0 103 251 174 0 256 256 73 0 128 256 0 110 253 238 0 256 50 0 110 110 203 256 213 199 253 62 103 0 256 256 0 256 0 26 2 256 46 0 0 98 0 249 86 0 203 0 177 4 20 0 256 237 0 0 148 216 0 203 0 
1 0 0 0 0 1 0 0 1 0 1 0 0 0 1 0 0 0 0 0 1 0 1 0 0 0 0 0 0 1 0 0 1 1 0 1 1 0 0 0 1 0 1 1 0 0 0 0 0 1 1 0 0 0 0 0 0 0 0 0 0 0 0 1 0 0 0 0 0 1 1 0 0 0 0 0 0 1 0 0 0 0 0 0 0 0 1 0 0 0 0 0 0 1 0 0 0 0 0 0 	256 0 96 38 174 256 90 223 256 40 256 102 0 142 256 168 0 0 30 178 256 0 256 0 0 191 0 0 0 256 0 118 256 256 161 256 256 0 81 149 256 161 256 256 212 89 186 0 0 256 256 0 99 8 0 196 0 22 0 0 0 0 0 256 14 8 0 0 225 256 256 253 253 27 50 148 254 256 82 0 12 0 0 200 0 46 256 0 109 0 0 0 0 256 0 182 0 0 0 152 
0 1 0 0 1 1 0 0 1 0 1 0 0 1 0 0 0 0 0 0 0 1 0 1 0 0 0 1 0 0 1 1 1 0 1 0 1 0 0 1 0 1 0 1 0 1 0 0 0 0 1 1 0 0 0 1 0 0 1 0 0 0 1 1 0 1 0 0 0 1 1 0 1 0 0 1 1 1 0 0 1 0 0 0 1 0 1 0 0 0 0 0 0 0 0 1 1 0 0 0 	164 256 141 245 256 256 0 132 256 0 256 0 0 256 0 0 127 73 191 0 0 256 0 256 94 0 0 256 47 0 256 256 256 253 256 46 256 253 210 256 0 256 0 256 94 256 0 144 164 242 256 256 0 0 250 256 253 190 256 0 0 0 256 256 0 256 0 0 57 256 256 80 256 0 152 256 256 256 0 140 256 96 225 205 256 0 256 92 190 226 133 0 0 210 124 256 256 0 89 214 
0 1 1 0 1 1 0 0 1 0 1 1 1 1 0 0 0 0 1 0 1 1 0 1 0 0 0 1 0 0 0 1 0 0 0 1 0 0 0 1 1 0 1 1 0 0 1 0 0 0 1 0 0 0 0 0 1 0 1 0 0 1 1 1 0 0 0 0 0 0 1 0 0 0 0 0 1 0 0 0 0 0 0 0 0 0 1 0 0 0 0 0 0 1 0 1 0 0 0 0 	254 256 256 0 256 256 16 232 256 0 256 256 256 256 0 101 0 188 256 0 256 256 253 256 0 28 0 256 0 0 215 256 119 253 0 256 0 126 184 256 256 216 256 256 0 0 256 0 0 27 256 0 0 189 230 0 256 8 256 0 176 256 256 256 0 0 40 0 217 119 256 253 206 54 0 0 256 222 0 228 129 0 0 0 87 202 256 0 193 133 115 213 0 256 90 256 0 0 0 0 
1 0 0 0 1 1 1 0 1 0 1 1 0 1 0 0 0 0 0 0 0 1 0 1 0 0 0 1 1 0 1 1 1 0 1 0 1 0 0 1 0 0 0 0 0 0 0 0 0 1 1 0 0 0 0 1 0 1 1 0 0 0 0 1 0 1 0 0 0 1 1 1 1 0 0 0 1 1 0 0 1 0 0 0 0 0 1 0 0 0 0 0 0 0 0 1 0 0 0 0 	256 0 113 0 256 256 256 0 256 44 256 256 125 256 0 202 253 189 0 187 232 256 0 256 189 203 124 256 256 0 256 256 256 253 256 254 256 0 254 256 0 0 0 0 0 172 0 175 211 256 256 253 0 0 169 256 253 256 256 215 126 0 105 256 0 256 0 193 38 256 256 256 256 0 0 10 256 256 137 74 256 217 82 144 97 0 256 55 0 197 0 47 69 0 0 256 101 103 121 58 
0 1 1 0 0 0 0 0 1 0 1 1 1 0 0 0 0 0 1 0 0 1 0 1 0 0 0 1 0 0 1 0 0 1 0 1 1 0 0 1 0 0 1 0 0 0 0 0 0 0 0 1 0 0 0 0 1 0 0 0 0 0 1 1 0 1 0 0 0 0 1 1 0 0 0 0 0 0 0 0 1 0 0 0 0 0 1 0 0 0 0 0 0 1 0 1 0 1 0 0 	253 256 256 0 212 44 253 0 256 0 256 256 256 87 0 239 253 0 256 12 0 256 253 256 238 159 46 256 0 214 256 0 228 256 98 256 256 109 171 256 158 193 256 0 157 0 59 42 0 136 67 256 183 136 166 4 256 26 0 61 38 65 256 256 0 256 0 0 0 0 256 256 0 0 0 0 152 65 0 104 256 0 0 91 0 0 256 0 0 93 0 0 209 256 0 256 0 256 0 0 
1 0 0 0 0 0 1 0 1 0 0 0 0 1 0 0 0 0 0 0 0 1 1 1 0 0 0 0 1 1 0 0 0 0 1 0 1 0 1 1 1 1 1 0 0 1 0 0 0 0 1 1 0 0 0 1 1 0 0 0 0 0 1 1 0 0 0 0 0 1 1 0 1 0 0 0 1 0 0 0 0 0 0 0 0 0 1 0 0 0 0 0 0 1 0 0 1 1 0 0 	256 49 0 208 138 0 256 172 256 31 206 232 0 256 0 0 0 249 0 61 254 256 256 256 36 0 5 217 256 256 0 163 253 253 256 137 256 161 256 256 256 256 256 0 31 256 244 135 0 199 256 256 205 0 196 256 256 0 0 79 0 0 256 256 0 0 241 247 0 256 256 111 256 207 2 24 256 253 0 0 114 0 180 43 0 0 256 195 247 87 185 0 251 256 223 0 256 256 250 0 
0 1 0 0 0 0 0 0 1 0 1 0 1 1 0 0 1 0 1 0 0 1 1 1 0 0 0 0 0 0 1 1 0 0 1 0 1 0 1 0 0 0 0 0 0 0 0 0 0 0 1 1 0 0 0 0 0 0 1 0 0 0 0 0 1 0 0 0 0 0 0 0 0 0 0 0 1 1 0 1 0 0 0 0 1 0 1 0 0 0 0 0 0 1 0 0 1 0 0 0 	196 256 0 0 0 9 0 127 256 0 256 85 256 256 4 156 256 56 256 92 0 256 256 256 89 0 0 71 15 248 256 256 253 0 256 0 256 254 256 0 0 190 0 254 0 0 0 33 28 0 256 256 195 0 199 0 253 0 256 54 0 0 68 34 256 0 149 77 0 0 253 109 253 0 0 0 256 256 156 256 0 12 0 0 256 253 256 224 0 253 0 253 166 256 0 0 256 0 0 172 
0 1 1 0 1 1 0 0 1 0 0 0 0 0 0 0 0 0 1 0 0 1 0 1 0 0 0 0 0 0 1 1 0 0 0 0 1 0 1 0 0 0 1 1 0 0 1 0 0 0 1 0 0 0 0 0 1 0 1 0 0 0 0 1 1 1 0 0 0 0 1 1 1 0 0 1 1 1 1 0 1 0 0 0 0 0 1 0 0 0 0 0 0 1 0 0 1 1 0 0 	254 256 256 0 256 256 253 177 256 0 0 0 253 157 0 134 253 156 256 0 0 256 0 256 0 0 128 213 251 50 256 256 0 210 0 204 256 126 256 209 253 20 256 256 101 0 256 0 123 114 256 52 0 0 0 0 256 0 256 33 0 208 0 256 256 256 0 0 192 7 256 256 256 0 0 256 256 256 256 119 256 108 85 0 23 101 256 0 5 46 0 0 0 256 238 0 256 256 0 0 
1 1 0 0 0 1 0 0 1 0 0 0 0 1 0 0 0 0 0 0 0 1 1 1 0 0 0 1 0 0 1 0 1 0 0 0 1 0 0 0 0 0 1 0 0 0 0 0 0 0 1 0 0 0 0 1 1 1 0 0 0 0 0 1 0 0 0 0 0 1 0 1 1 0 0 1 0 0 0 0 1 0 0 0 0 0 1 0 0 0 0 0 0 1 0 0 1 0 0 0 	256 256 0 24 61 256 0 0 256 0 253 0 215 256 112 217 253 0 0 253 0 256 256 256 99 0 133 256 117 173 256 39 256 255 29 64 256 0 253 0 253 183 256 253 0 73 83 11 139 0 256 33 0 0 0 256 256 256 168 0 0 216 253 256 253 0 0 0 204 256 197 256 256 0 0 256 192 178 253 0 256 170 80 0 0 106 256 0 0 199 148 0 0 256 195 253 256 188 130 0 
0 0 0 0 0 0 0 0 1 0 1 1 1 1 1 0 0 0 1 0 0 1 1 1 0 0 0 0 1 0 1 1 1 1 0 0 1 0 1 0 0 0 1 0 0 0 0 0 0 0 1 0 0 0 0 0 1 1 1 0 0 0 1 1 0 0 0 0 0 1 1 1 0 0 0 0 0 0 0 0 0 0 0 0 0 0 1 0 0 1 0 0 0 1 0 0 0 1 0 0 	24 102 0 42 0 33 0 0 256 163 256 256 256 256 256 0 88 0 256 195 56 256 256 256 64 216 253 0 256 116 256 256 256 256 0 5 256 6 256 0 0 156 256 0 0 122 133 20 143 0 256 124 0 0 0 15 256 256 256 53 124 253 256 256 72 0 234 182 0 256 256 256 253 0 0 0 0 253 0 0 121 218 0 0 68 0 256 0 0 256 0 253 194 256 114 0 115 256 79 0 
0 0 0 0 0 1 0 0 1 0 0 0 1 0 0 0 1 0 1 1 0 0 0 0 0 0 0 1 0 0 1 1 1 0 0 1 0 0 0 0 0 1 1 0 0 0 1 0 0 0 1 1 0 0 0 0 0 0 1 0 0 0 0 1 0 1 0 0 0 1 1 1 1 0 0 0 1 1 0 0 0 0 0 0 0 0 1 0 0 0 0 0 0 0 0 1 1 1 0 0 	118 214 9 148 93 256 0 249 256 143 89 0 256 50 0 0 256 162 256 256 253 120 0 0 25 0 253 256 0 4 256 256 256 163 114 256 230 172 91 0 253 256 256 253 190 3 256 0 206 0 256 256 0 253 182 0 0 223 256 0 0 45 0 256 0 256 3 70 26 256 256 256 256 0 1 0 256 256 79 254 0 0 209 74 168 196 256 0 152 0 0 0 0 202 0 256 256 256 0 13 
0 0 1 0 1 0 0 0 0 0 1 1 0 1 0 0 1 0 0 0 0 1 0 0 0 0 0 1 0 0 1 1 1 0 0 1 0 0 0 1 0 0 1 1 0 0 1 0 0 0 1 0 0 0 0 0 1 0 1 0 0 1 0 1 0 1 0 0 0 1 1 0 1 0 0 0 1 0 0 0 0 0 0 0 0 0 0 0 0 0 0 0 0 1 0 0 0 0 0 0 	217 248 256 98 256 0 10 203 108 69 256 256 0 256 0 166 256 4 92 0 0 256 255 11 151 138 219 256 126 0 256 256 256 255 137 256 0 0 253 256 253 155 256 256 0 114 256 98 0 224 256 68 150 0 0 253 256 98 256 0 189 256 52 256 253 256 253 0 68 256 256 0 256 0 0 0 256 253 253 92 0 0 0 4 134 0 0 0 11 0 0 0 63 256 208 253 44 0 0 0 
0 0 1 0 1 0 0 0 1 0 1 1 0 0 1 0 1 0 1 0 0 1 0 0 0 0 0 1 0 0 1 1 0 0 0 1 1 0 0 0 0 1 1 0 0 1 1 0 0 0 1 1 0 0 0 1 1 0 1 0 0 0 0 1 0 0 0 0 0 1 1 1 0 0 0 1 1 1 0 0 0 0 0 0 0 0 1 0 0 0 0 0 0 1 0 1 0 1 0 0 	0 114 256 229 256 135 0 111 256 217 256 256 253 0 256 0 256 2 256 94 0 256 254 238 238 29 253 256 213 0 256 256 0 254 247 256 256 212 253 39 253 256 256 0 241 256 256 161 70 220 256 256 0 253 51 256 256 25 256 243 200 253 0 256 0 245 244 0 0 256 256 256 253 226 13 256 256 256 253 0 0 48 0 234 95 218 256 0 243 0 245 253 0 256 88 256 0 256 0 0 
0 1 0 0 1 0 0 0 1 0 0 0 1 0 0 0 0 0 1 0 0 1 1 1 0 0 0 0 0 0 1 0 1 0 1 0 1 0 1 0 0 0 1 1 0 0 0 0 0 1 0 1 0 0 0 1 0 0 0 0 0 0 0 0 0 1 0 0 0 0 0 1 0 0 0 0 1 1 1 0 1 0 0 0 0 0 1 0 0 0 0 0 0 1 0 0 0 1 0 0 	253 256 0 0 256 207 166 0 256 0 77 0 256 125 0 246 254 211 256 0 59 256 256 256 0 101 0 199 205 0 256 0 256 227 256 193 256 27 256 63 0 30 256 256 52 0 78 151 0 256 0 256 0 153 0 256 133 0 187 99 0 16 0 135 0 256 0 0 173 0 253 256 236 23 0 0 256 256 256 151 256 0 0 0 0 254 256 144 109 187 0 0 0 256 0 0 0 256 71 210 
1 0 0 0 1 1 1 0 0 0 1 0 0 1 0 0 0 0 0 0 1 1 0 1 0 0 0 1 0 0 0 1 1 0 1 0 0 0 0 1 1 0 0 0 0 0 0 0 0 0 1 0 0 0 0 0 1 0 1 0 0 0 0 1 0 0 0 0 0 0 1 0 1 0 0 0 0 0 0 0 0 0 0 0 1 0 0 0 0 1 0 0 0 1 0 1 0 0 0 0 	256 0 19 0 256 256 256 97 0 0 256 0 57 256 0 0 0 0 0 5 256 256 254 256 57 0 0 256 0 16 179 256 256 254 256 229 0 0 253 256 256 167 0 0 191 0 0 150 0 108 256 253 0 253 90 253 256 63 256 0 0 0 22 256 0 0 199 0 34 0 256 0 256 0 0 93 0 0 253 151 175 0 81 2 256 253 0 18 0 256 14 217 0 256 88 256 0 135 9 0 
1 0 0 0 1 0 0 0 1 0 1 1 1 1 0 0 0 0 1 0 0 1 1 1 0 0 0 1 1 0 1 0 0 0 0 0 1 0 0 1 0 0 0 0 0 0 0 0 0 1 0 1 0 0 0 1 0 0 1 0 0 0 0 0 0 1 0 0 0 0 1 1 1 0 0 0 1 1 0 0 1 0 0 0 0 0 1 0 0 0 0 0 0 1 0 0 1 1 0 0 	256 0 0 215 256 162 49 0 256 34 256 256 256 256 0 208 253 20 256 102 197 256 256 256 17 0 212 256 256 58 256 0 201 204 30 23 256 253 253 256 162 210 79 253 246 0 0 0 0 256 0 256 0 0 204 256 253 239 256 125 46 253 88 0 253 256 0 186 0 0 256 256 256 64 0 0 256 256 233 3 256 83 218 15 195 0 256 0 0 253 68 120 128 256 9 253 256 256 140 164 
1 0 0 0 1 1 0 0 1 0 1 0 0 0 0 0 0 0 0 0 0 1 1 1 0 0 0 0 0 1 0 1 0 0 0 0 1 0 0 0 1 1 1 0 0 1 1 0 0 0 1 1 0 0 0 1 0 0 1 0 0 0 0 1 0 0 0 0 0 1 1 1 1 0 0 1 1 0 0 0 0 0 0 0 0 0 1 0 0 0 0 0 0 1 0 0 0 1 0 0 	256 0 0 246 256 256 253 61 256 10 256 124 0 0 0 145 0 50 0 253 131 256 256 256 0 92 123 55 2 256 0 256 0 253 180 174 256 218 117 246 256 256 256 253 0 256 256 0 0 156 256 256 195 201 0 256 27 0 256 141 192 253 0 256 0 0 15 124 0 256 256 256 256 130 69 256 256 76 23 18 48 117 182 27 64 0 256 0 167 4 30 255 0 256 0 213 0 256 68 231 
0 0 1 0 0 1 0 0 1 0 0 1 0 1 0 0 0 0 1 0 0 1 0 1 0 0 0 1 0 0 1 1 0 0 1 0 1 0 0 0 0 0 0 1 0 0 0 0 0 0 1 1 0 0 0 1 1 0 1 0 0 0 1 0 0 0 0 0 0 0 1 1 1 0 0 1 0 0 0 1 1 0 0 0 0 0 1 0 0 1 0 0 0 0 0 0 0 1 0 0 	0 221 256 0 111 256 230 0 256 105 0 256 145 256 133 0 253 0 256 0 0 256 217 256 133 48 44 256 0 0 256 256 73 0 256 0 256 253 0 58 176 0 0 256 0 0 0 249 0 0 256 256 0 0 0 256 256 0 256 0 159 0 256 124 60 0 0 41 0 0 256 256 256 0 0 256 0 0 0 256 256 186 224 181 57 0 256 123 120 256 0 163 0 0 0 141 0 256 0 0 
1 0 0 0 0 0 0 0 1 0 1 0 0 0 1 0 0 0 0 0 0 1 0 1 0 0 1 1 0 1 1 0 0 0 1 0 1 0 0 0 0 0 1 1 0 0 1 0 0 1 0 0 0 0 0 0 0 0 0 0 0 0 0 0 0 0 0 0 0 0 0 1 0 0 0 0 0 0 0 0 1 0 0 0 0 0 1 0 0 0 0 0 0 1 0 0 0 0 0 0 	256 98 227 0 95 158 170 51 256 31 256 166 0 115 256 0 254 0 0 0 158 256 222 256 0 33 256 256 168 256 256 0 0 253 256 0 256 0 253 172 253 31 256 256 145 0 256 234 210 256 28 253 51 253 0 253 223 23 0 203 0 77 0 0 253 231 0 51 0 0 253 256 253 7 0 0 102 0 142 0 256 0 0 0 0 253 256 54 110 0 0 0 0 256 9 253 0 89 0 109 
0 0 1 0 1 0 0 0 1 0 1 1 0 1 0 0 1 0 1 0 0 1 0 1 0 0 0 1 0 0 1 1 0 0 1 0 1 0 0 1 0 1 1 0 0 1 1 0 0 0 1 1 0 0 0 1 1 0 1 0 0 0 1 1 0 1 0 0 0 1 0 0 1 0 0 0 0 0 0 0 0 0 0 0 1 0 1 0 0 1 0 0 0 0 0 0 0 0 0 0 	149 7 256 0 256 203 235 39 256 207 256 256 55 256 0 0 256 0 256 125 0 256 253 256 101 33 0 256 198 0 256 256 119 241 256 253 256 44 0 256 253 256 256 163 0 256 256 125 0 11 256 256 0 253 250 256 256 238 256 168 241 211 256 256 200 256 188 93 0 256 37 201 256 0 82 167 0 41 0 47 0 82 216 0 256 125 256 153 7 256 215 0 141 0 75 5 104 179 0 0 
