num. condizioni iniziali:100
contatori ai tempi di decadimento:
0 171 45 0 0 0 0 31 0 131 0 73 198 208 64 0 29 94 105 0 0 115 32 0 109 51 0 140 79 0 0 164 186 0 11 0 232 0 0 226 0 0 0 0 0 106 170 0 13 0 39 206 253 0 0 0 9 95 69 114 48 174 0 59 28 9 0 80 201 67 89 199 0 0 143 225 65 0 19 25 142 112 0 0 0 0 0 0 147 0 54 0 93 157 68 157 214 34 202 138 
135 100 159 237 12 83 171 182 165 0 7 0 0 167 0 211 0 0 0 0 0 190 0 0 0 63 39 0 0 44 0 112 52 0 165 0 136 39 82 144 0 0 196 66 0 114 107 36 117 0 0 169 68 194 147 171 30 104 15 0 0 40 0 31 70 0 198 0 202 0 0 198 211 224 215 191 0 109 49 60 0 0 0 0 27 0 0 0 160 0 44 98 0 103 89 156 47 0 0 8 
0 0 0 16 0 59 0 87 0 138 94 4 124 0 0 87 0 68 57 233 179 0 190 134 0 231 0 0 225 0 0 0 0 150 0 226 0 0 20 132 37 113 85 7 132 184 113 105 71 255 124 0 175 0 0 213 103 0 158 239 166 0 131 49 126 203 0 20 0 127 0 0 152 0 0 0 60 0 236 135 0 0 139 0 255 0 0 0 168 0 0 0 238 0 154 0 130 0 0 207 
206 0 113 40 39 0 0 0 0 155 160 0 123 45 0 0 0 241 0 96 0 63 210 4 113 135 0 0 0 129 86 0 0 117 124 0 0 0 64 77 200 191 94 0 74 0 0 204 169 190 0 11 0 29 0 0 0 99 147 181 71 123 199 62 133 0 0 0 0 0 202 75 117 157 65 0 0 0 0 9 215 0 55 62 0 0 0 0 0 111 29 234 0 0 0 0 0 0 0 0 
0 0 0 0 183 0 67 196 255 61 224 153 221 113 0 156 106 0 65 0 23 0 0 0 219 2 0 0 0 25 14 0 10 0 0 66 0 18 153 0 0 44 144 26 40 223 0 172 0 57 0 0 0 29 0 143 7 0 0 0 50 8 183 6 0 0 184 0 16 0 86 236 0 0 0 0 9 0 218 0 0 0 228 80 0 3 0 157 193 0 0 151 0 98 0 0 0 66 221 0 
57 0 82 246 52 0 10 0 0 99 0 234 0 0 0 0 0 187 0 0 32 165 0 0 0 0 0 0 0 234 84 0 220 0 182 85 150 253 14 69 0 190 63 0 0 51 0 0 132 141 0 14 218 52 0 0 0 0 0 0 0 0 14 228 0 0 0 0 226 16 0 0 131 0 0 162 188 0 205 90 0 0 0 0 0 0 0 20 0 24 0 0 0 0 0 86 0 0 0 0 
0 0 0 0 239 0 0 0 0 0 0 117 52 0 149 0 0 0 0 63 25 197 0 0 0 55 0 74 233 124 189 3 0 163 0 0 0 0 9 0 0 0 0 0 0 24 0 248 27 0 0 54 79 0 0 0 60 59 0 0 0 0 0 0 0 111 237 50 0 0 199 251 212 0 158 0 21 0 0 160 0 87 0 33 27 0 116 227 207 87 72 0 0 41 0 0 213 0 0 0 
0 108 0 0 31 0 0 194 0 87 0 0 209 9 0 0 0 0 0 0 179 0 62 0 0 0 97 229 231 112 0 65 110 0 0 0 147 0 94 0 0 110 0 0 62 0 0 0 0 0 0 116 57 43 92 163 0 182 0 166 64 222 67 24 0 174 0 223 0 155 0 0 77 133 0 75 0 0 0 0 0 0 0 0 48 118 0 139 130 0 56 7 173 115 203 125 0 0 0 172 
0 253 66 4 0 0 195 127 0 0 0 246 0 0 238 0 114 0 240 117 0 79 71 10 0 162 0 0 84 0 0 99 0 0 148 0 132 5 237 0 61 41 17 70 0 165 198 158 256 0 125 254 0 0 0 250 0 0 0 144 0 0 0 87 248 0 0 115 203 194 0 0 0 0 0 179 229 0 95 89 0 0 0 0 119 146 213 74 53 246 29 0 0 0 163 149 156 99 151 65 
0 96 136 0 21 0 247 50 0 0 201 0 7 0 0 0 0 44 178 0 0 0 0 0 121 0 100 0 0 7 0 0 185 0 0 0 0 202 0 156 36 0 0 241 0 230 0 0 6 0 113 47 28 0 99 42 0 13 213 189 243 5 2 249 167 54 184 81 0 57 78 0 0 0 75 0 157 214 42 164 143 0 0 0 184 84 179 120 0 0 178 0 135 236 14 0 0 225 158 60 
0 90 0 60 0 54 241 134 0 0 0 135 0 11 96 0 212 0 0 256 189 231 0 0 0 0 0 0 0 167 144 0 254 0 21 213 142 0 39 0 0 0 211 0 0 71 32 88 0 0 0 245 0 248 0 251 184 208 0 0 30 78 0 90 0 57 179 0 0 0 0 164 0 0 22 0 0 0 0 0 102 62 203 155 38 19 0 0 0 0 0 0 0 0 171 0 0 39 0 249 
216 167 194 0 0 40 0 20 0 0 2 52 0 0 0 163 96 85 189 0 0 216 202 89 195 104 122 0 0 74 0 0 53 0 0 40 0 0 234 4 222 113 5 0 231 0 0 0 0 0 66 0 0 248 133 0 101 184 9 0 13 19 0 183 0 0 158 199 181 147 0 0 57 0 144 0 0 0 21 0 0 0 209 240 116 0 0 73 171 40 0 0 153 206 79 15 29 0 0 113 
188 84 135 81 0 0 206 0 0 0 91 192 31 0 67 251 0 104 0 0 0 0 94 98 133 146 149 86 90 0 0 154 205 20 0 6 0 0 0 0 183 0 0 0 0 0 0 0 0 0 0 0 0 0 0 0 0 0 0 0 205 44 30 0 0 230 0 25 18 0 0 91 0 22 238 6 81 0 234 20 0 0 0 157 0 0 122 249 111 0 0 0 0 135 0 0 0 0 0 0 
0 11 0 254 16 0 0 242 0 0 0 0 0 57 199 237 0 3 0 0 123 225 160 0 74 0 177 254 112 224 25 0 0 0 223 0 7 212 0 0 0 25 0 0 0 167 0 0 100 0 0 0 133 67 111 184 160 0 229 0 239 0 0 243 121 0 241 173 230 110 211 68 244 0 0 0 214 0 0 0 251 42 1 0 0 58 0 7 224 0 0 0 0 0 0 22 0 0 0 52 
0 109 0 0 0 35 0 0 0 0 0 229 183 74 89 0 0 0 129 0 144 0 162 0 130 0 221 43 217 0 240 65 0 0 62 0 0 0 247 227 0 0 210 0 69 0 150 13 0 0 250 0 25 155 242 135 0 0 0 97 0 119 85 0 0 0 0 43 0 0 0 0 0 222 34 0 0 65 0 0 89 0 0 0 0 0 0 47 0 0 0 0 0 139 89 0 163 101 0 107 
0 0 0 201 117 248 114 0 248 0 0 0 213 192 0 116 237 4 23 16 0 73 95 0 0 166 0 243 12 102 220 0 134 218 236 40 239 185 52 0 172 142 239 32 0 0 0 0 47 127 0 0 21 208 49 71 0 215 0 0 123 0 0 0 0 0 0 0 10 56 0 0 82 201 227 0 254 0 29 117 36 209 0 0 240 0 166 0 68 0 0 131 0 74 163 0 0 198 141 0 
0 212 0 120 142 0 0 225 0 0 232 198 67 0 0 75 171 0 106 106 37 0 57 76 0 0 0 36 0 0 0 64 90 0 237 0 0 0 0 98 0 0 0 144 181 0 191 0 0 219 0 0 0 111 0 160 200 202 93 0 0 0 0 0 202 0 0 123 0 12 0 0 151 154 0 0 0 0 0 0 35 0 0 220 0 144 145 0 250 0 208 0 110 89 0 86 0 151 0 1 
0 0 111 0 0 211 67 123 0 0 221 177 0 40 185 0 183 0 0 141 0 180 233 29 0 0 203 0 97 12 237 41 0 200 36 37 0 0 6 0 32 225 46 0 69 0 0 0 238 230 0 0 227 58 241 0 247 249 77 0 0 194 39 52 48 38 0 0 158 237 216 157 167 242 0 131 251 0 0 54 0 38 0 0 215 0 0 124 0 0 0 0 171 43 162 0 186 0 0 20 
123 0 0 185 0 1 0 0 0 0 163 0 0 244 207 108 35 0 0 0 101 36 42 0 0 21 0 0 33 0 0 0 97 123 14 0 0 0 0 49 0 136 0 0 114 172 0 125 0 0 81 166 4 0 107 0 96 209 224 187 143 0 0 0 0 164 250 0 199 235 137 205 0 229 20 75 0 0 52 0 162 215 0 0 0 0 0 0 8 213 0 188 0 8 222 0 31 26 224 51 
0 245 0 208 70 91 0 187 246 52 131 0 106 102 28 0 0 68 14 0 0 81 82 217 0 25 0 239 0 0 236 62 112 243 147 208 16 0 43 0 0 0 0 235 0 232 0 0 0 0 136 126 243 247 213 19 91 0 135 0 128 123 134 0 240 0 246 0 0 0 161 0 0 0 0 0 0 0 0 0 0 25 65 152 42 71 179 198 26 16 0 95 0 107 112 0 0 217 0 110 
0 0 95 221 12 0 0 0 0 0 170 195 109 144 0 185 177 0 136 0 159 0 0 0 0 0 0 0 240 0 144 0 155 79 0 181 0 205 0 23 0 0 0 0 0 231 0 249 224 51 0 176 0 0 87 168 0 189 210 47 206 0 14 86 243 0 111 121 143 0 0 210 92 0 192 39 0 209 0 0 174 0 0 0 0 0 146 0 0 0 252 0 0 0 238 0 7 182 156 74 
31 0 0 0 0 204 245 190 140 173 0 20 0 193 119 151 160 0 0 0 0 0 68 152 140 72 0 0 35 101 13 0 0 1 83 0 55 0 74 73 0 0 0 0 128 165 25 0 67 0 0 126 161 0 250 191 0 0 115 0 0 127 0 0 239 0 214 0 0 0 132 99 20 0 0 0 204 0 0 203 0 0 0 140 22 243 7 0 0 159 165 0 12 26 96 0 100 0 63 0 
44 237 50 0 0 33 255 120 0 0 0 0 0 237 37 0 181 129 213 0 0 0 9 0 70 193 143 0 0 0 85 0 67 239 0 0 223 0 64 28 39 62 0 28 74 0 0 0 140 224 0 0 183 176 0 122 0 0 0 0 127 107 84 205 166 0 216 89 141 0 210 142 0 0 0 5 110 187 0 159 51 0 0 152 0 227 0 90 197 3 0 179 0 0 0 25 0 0 0 193 
0 206 18 197 0 0 0 0 242 55 68 10 0 24 255 219 0 217 0 98 100 0 0 0 0 0 0 26 209 0 0 0 134 0 0 0 0 0 0 0 0 0 0 223 0 0 193 0 251 154 180 0 0 176 129 0 0 0 0 107 225 147 169 0 0 0 0 0 0 0 0 0 0 0 0 0 206 44 0 0 145 0 57 25 71 39 0 0 94 78 76 0 77 144 0 0 0 138 105 0 
0 0 128 0 162 0 115 7 0 159 62 96 0 0 139 33 0 0 0 0 179 16 162 0 0 215 164 0 31 0 54 0 208 0 0 115 249 218 151 0 0 40 0 0 0 0 0 0 158 0 141 0 0 0 0 215 0 0 201 0 74 0 126 0 0 0 129 205 62 23 0 0 234 0 252 0 0 0 31 33 114 0 234 114 217 81 116 146 0 0 135 0 141 0 0 0 0 0 0 34 
0 0 22 0 0 24 209 0 0 0 75 237 0 0 130 53 233 9 60 0 0 146 138 0 163 0 134 72 92 0 0 0 161 0 0 127 62 0 158 107 159 0 0 219 0 0 0 31 72 0 40 179 17 43 9 0 0 0 0 185 0 189 126 172 244 94 0 0 0 0 63 0 243 0 145 0 0 0 0 119 104 0 228 0 0 0 0 82 0 0 0 252 0 0 0 0 0 192 0 0 
0 68 228 127 58 53 0 211 186 0 0 166 134 0 0 226 42 65 185 209 71 0 0 141 0 0 0 0 114 153 72 0 158 0 184 72 82 0 0 114 0 131 231 112 0 0 130 0 0 117 0 43 225 0 0 164 29 0 0 0 230 210 152 134 180 57 182 0 122 75 19 0 20 49 41 0 166 117 0 73 0 0 228 63 0 102 0 0 0 49 0 197 113 0 0 0 0 0 0 0 
150 0 0 149 212 146 0 234 0 26 104 0 0 0 194 0 192 0 0 231 0 0 206 0 0 29 0 0 184 0 0 0 0 81 42 238 0 0 0 0 113 139 0 0 22 0 0 0 40 0 0 54 0 142 86 10 88 42 0 251 0 138 22 108 151 0 44 13 0 0 254 0 152 0 0 97 190 215 0 15 0 226 92 204 0 0 202 218 0 210 0 32 27 169 55 0 81 0 0 0 
31 0 22 0 130 218 0 113 0 209 0 113 0 202 86 28 148 0 77 219 189 104 0 109 240 0 0 220 0 0 0 0 0 0 242 0 129 0 226 0 0 142 180 0 0 0 220 0 0 0 0 66 0 120 0 157 0 48 147 85 0 99 0 0 0 0 0 0 0 77 56 0 0 0 0 0 120 25 21 46 0 0 0 0 55 0 0 103 32 73 150 243 51 142 157 201 40 0 0 0 
198 99 0 0 0 0 207 0 104 73 134 232 0 196 0 0 173 0 114 0 27 0 79 235 0 186 0 122 0 39 124 150 0 0 78 0 172 81 78 0 109 98 0 0 0 95 23 0 105 0 0 29 0 73 168 0 96 0 51 186 0 219 0 50 0 41 0 0 0 0 0 110 231 121 120 0 0 0 0 200 0 111 53 0 155 63 0 0 220 3 0 0 158 0 0 0 0 243 0 118 
0 236 96 0 0 0 155 0 114 0 134 136 0 114 0 0 0 217 0 54 0 148 12 0 0 185 0 136 186 0 0 145 0 118 119 2 0 0 0 246 102 0 238 6 0 0 72 0 162 0 0 210 172 0 24 0 0 244 81 0 0 247 0 0 0 22 0 19 81 248 148 228 0 0 0 0 0 0 14 0 0 0 0 174 0 0 0 0 183 0 210 0 109 0 0 112 0 144 0 0 
0 0 0 0 143 166 193 0 152 0 135 197 193 55 0 85 82 0 180 222 0 0 0 0 0 0 70 0 105 0 176 0 0 189 0 0 0 189 0 197 0 0 43 0 160 0 143 0 0 185 166 116 0 103 0 0 64 164 148 0 224 130 123 0 222 218 0 69 126 0 213 220 163 0 0 104 0 48 187 0 0 26 103 197 8 214 0 0 48 73 0 212 153 0 105 234 178 0 0 0 
0 68 128 0 0 0 217 95 150 196 80 0 176 24 88 0 225 0 238 0 0 0 0 211 0 0 0 110 88 2 150 0 0 213 0 0 179 49 0 13 153 168 0 205 0 185 0 0 0 0 0 0 0 33 0 0 0 184 18 236 81 215 191 20 239 0 254 84 80 0 0 0 109 0 170 39 63 0 0 0 88 171 0 0 0 0 0 225 60 195 0 223 0 101 0 0 0 0 0 166 
0 0 96 0 0 127 68 0 206 0 104 0 0 0 32 0 0 239 0 0 0 0 0 77 139 0 0 41 155 0 101 0 0 58 201 145 32 0 38 0 0 161 215 143 0 43 0 64 192 157 0 0 20 0 30 0 138 240 82 0 176 0 0 0 0 194 9 210 0 84 69 0 197 47 132 0 0 0 193 174 172 243 98 0 201 0 0 0 136 0 0 0 0 119 155 0 0 0 0 0 
233 159 54 0 0 0 0 0 0 15 39 0 0 172 0 0 0 0 151 155 0 163 99 0 0 154 102 17 238 0 0 0 0 56 0 0 0 122 0 197 243 0 165 227 238 237 0 0 230 0 1 0 71 0 0 0 0 135 250 31 0 0 168 134 172 188 125 223 0 160 0 0 13 0 186 238 205 153 0 1 0 0 0 251 0 134 223 0 0 241 114 217 80 0 143 217 110 0 67 228 
0 1 0 223 190 0 0 0 0 0 0 0 48 55 211 124 0 220 138 148 0 119 208 48 0 84 0 0 0 28 0 0 0 28 0 228 245 137 0 143 33 16 8 0 99 212 248 0 29 0 108 0 0 0 125 95 148 0 141 31 0 0 0 224 13 0 17 217 2 22 175 27 0 220 207 93 0 0 0 0 229 0 0 234 180 0 115 163 40 194 121 161 0 75 0 235 74 88 0 0 
64 0 85 0 0 113 0 147 49 0 39 17 67 0 0 250 0 155 201 0 102 175 137 84 31 0 90 0 0 0 98 0 233 38 0 0 165 0 33 230 139 131 196 129 0 43 0 0 166 211 0 94 0 254 0 0 47 0 0 0 44 26 0 0 243 0 0 0 93 64 206 0 67 238 0 0 0 0 0 0 39 50 0 192 11 0 0 0 0 0 67 68 0 0 0 0 138 0 0 0 
190 161 0 252 0 0 6 248 0 0 186 126 172 84 0 0 0 54 73 31 40 245 0 0 0 182 21 0 176 0 146 229 0 0 75 248 0 158 0 236 0 132 0 232 0 0 112 0 0 28 0 38 254 87 205 0 227 6 0 55 255 0 0 0 0 20 0 96 0 0 0 0 220 0 152 0 0 4 0 188 0 0 8 181 157 0 0 0 26 0 0 71 65 139 92 146 0 18 0 0 
0 49 0 79 0 32 199 144 176 0 0 0 250 0 123 0 149 0 0 88 105 99 0 0 12 0 0 225 0 0 0 108 173 155 185 0 0 0 99 211 7 218 0 0 0 0 5 249 0 0 0 171 0 52 123 0 0 0 160 0 0 16 13 0 154 105 16 12 0 0 70 0 226 202 0 0 0 0 96 0 5 0 123 97 0 0 0 92 0 0 151 0 75 0 17 0 0 41 0 53 
0 0 0 0 98 230 0 0 63 0 64 0 50 38 20 72 150 8 0 0 0 0 254 80 210 139 0 134 0 0 0 118 0 121 204 122 0 0 0 228 163 122 0 0 170 0 0 0 80 0 94 0 198 176 0 0 0 0 0 0 0 0 0 39 0 0 0 0 57 0 0 114 240 0 0 21 0 89 132 0 186 0 0 17 192 62 172 0 208 200 0 0 0 0 28 37 3 88 74 0 
0 9 0 0 0 0 0 174 140 0 0 0 51 52 0 133 235 0 0 14 192 184 167 0 168 0 0 0 0 0 168 252 0 0 246 0 107 0 0 0 70 0 111 0 8 244 0 64 0 0 152 0 195 0 147 10 0 0 0 0 179 91 0 0 0 0 143 25 167 99 0 0 0 205 0 148 0 199 136 0 0 0 0 113 0 0 63 0 182 102 0 0 0 111 0 117 148 133 199 33 
200 0 211 0 102 161 0 180 0 0 109 252 59 134 116 0 0 64 247 241 174 151 0 0 109 192 55 0 0 114 0 0 0 0 0 17 131 39 0 12 10 0 0 0 0 0 184 0 0 0 248 0 0 0 0 0 51 229 111 116 182 0 46 0 73 6 72 0 28 251 0 0 0 102 211 207 0 245 0 135 0 217 137 0 0 0 118 212 243 249 0 0 0 169 23 0 0 38 43 0 
0 0 0 60 0 168 0 218 52 0 0 69 82 0 0 76 206 228 0 162 0 0 61 31 0 186 206 0 0 154 0 0 0 86 0 0 0 146 71 0 197 0 162 177 173 80 0 14 0 0 89 0 9 18 135 11 0 221 0 0 216 0 214 0 0 0 147 222 0 234 0 0 0 200 65 0 0 30 86 98 83 0 0 128 0 14 92 201 0 122 159 0 138 191 0 35 0 0 23 103 
0 0 0 0 7 0 118 0 0 0 0 0 0 22 0 49 239 188 84 0 0 0 0 0 141 201 0 0 0 0 0 160 119 0 80 0 125 22 0 178 0 229 101 0 0 18 202 15 0 10 0 0 0 130 154 0 0 232 0 63 225 61 0 234 159 0 31 0 0 192 0 0 115 0 0 210 186 159 0 0 123 103 224 5 0 185 0 0 0 128 133 161 0 247 0 173 0 0 54 0 
161 0 0 0 116 243 0 54 210 204 0 0 138 0 141 0 189 55 25 0 0 132 0 0 0 0 144 0 34 215 87 218 237 0 0 0 0 230 0 3 0 118 0 242 0 0 245 125 0 0 0 160 0 0 183 0 140 0 0 203 147 0 97 0 109 26 0 126 0 0 0 245 30 125 0 38 240 0 144 0 0 0 73 0 113 123 0 0 61 106 109 256 171 171 200 54 0 0 0 0 
0 0 103 0 207 0 0 150 40 53 96 25 42 0 40 0 126 126 0 0 150 0 119 0 176 0 0 0 0 152 0 43 233 0 125 0 0 247 165 164 0 0 0 0 167 0 99 120 229 5 0 0 0 168 63 140 122 0 112 0 0 0 0 0 95 194 0 19 156 0 5 0 141 204 0 0 55 246 84 20 0 0 8 231 0 125 0 0 0 0 52 0 169 29 84 174 0 0 4 174 
0 230 166 189 0 215 0 48 0 177 0 61 0 0 0 34 96 2 93 178 0 181 0 0 0 0 103 0 118 195 235 0 235 0 0 54 135 65 205 28 164 0 12 157 133 0 66 185 231 0 0 0 0 243 0 89 3 0 209 143 0 0 0 114 130 0 139 0 164 119 17 2 0 0 0 0 0 0 52 0 79 0 0 243 81 116 57 116 0 166 0 0 82 254 76 0 0 115 193 0 
207 0 176 13 0 0 76 146 0 0 35 11 205 252 227 157 0 183 0 0 117 31 0 0 0 23 215 7 158 0 197 0 0 0 169 49 0 221 0 0 183 157 227 0 165 0 42 0 0 203 227 0 0 112 239 132 222 0 0 0 189 0 0 232 144 64 0 0 206 61 101 0 0 0 0 0 0 0 202 0 43 203 199 204 0 0 0 0 66 0 0 223 0 0 0 0 0 0 172 184 
190 234 184 0 0 43 182 51 121 0 31 118 251 0 21 0 93 86 0 13 0 147 64 111 53 26 0 207 238 0 194 0 0 49 0 116 0 0 0 108 192 81 0 0 139 0 0 105 0 117 0 0 0 254 251 180 239 144 35 0 23 249 221 0 0 0 187 0 19 93 0 0 0 0 0 0 120 0 58 0 191 3 97 31 0 128 0 0 0 0 0 0 0 206 195 0 171 0 0 126 
146 252 66 184 174 0 58 0 0 136 0 167 121 0 182 215 33 0 0 0 0 0 0 0 0 149 164 0 0 0 0 214 0 0 0 218 6 203 152 128 0 97 78 0 255 0 0 173 0 255 0 1 0 147 50 150 38 0 0 0 40 0 214 89 183 166 0 179 0 188 0 0 71 0 128 0 211 63 187 62 237 163 138 68 0 0 80 0 70 45 0 0 0 89 64 0 121 71 47 0 
0 0 146 110 120 0 0 6 0 129 243 26 146 109 0 135 0 0 0 0 0 41 6 0 0 162 0 0 0 0 0 115 0 0 0 0 174 192 0 0 172 0 194 0 0 0 25 0 10 0 0 63 251 0 116 143 4 184 0 0 37 0 0 85 0 0 0 0 0 0 0 0 142 0 0 0 47 1 0 0 30 239 159 0 0 0 0 0 0 0 112 112 0 148 0 0 0 0 208 51 
38 0 142 0 125 69 0 137 37 85 119 0 0 241 0 75 0 0 0 0 0 147 0 0 55 162 251 0 162 0 0 0 0 30 59 167 0 0 83 0 30 55 0 190 74 0 0 9 139 0 223 0 0 0 0 214 21 216 0 159 115 11 250 0 56 0 183 0 0 0 191 12 0 220 120 206 0 166 235 0 0 0 75 218 0 0 0 137 0 56 221 138 222 0 0 0 0 71 230 0 
246 0 48 0 126 249 98 13 0 0 0 0 0 151 225 0 44 116 0 0 245 0 45 148 0 57 0 52 0 0 13 41 196 147 0 61 240 125 241 248 169 59 0 200 0 0 180 123 0 0 0 197 0 0 0 86 129 41 0 182 0 119 42 0 0 0 0 0 54 13 0 127 242 27 0 0 43 0 136 230 94 0 10 13 0 0 123 0 0 0 29 85 19 0 0 0 0 45 0 219 
0 0 224 55 135 0 0 0 0 182 0 209 0 48 0 0 0 82 0 79 0 251 43 0 0 0 0 0 0 0 0 0 0 96 0 226 64 0 0 79 0 0 0 0 161 0 172 0 0 235 0 12 169 0 0 0 0 180 137 0 70 250 0 83 0 0 9 79 162 24 87 65 174 86 172 95 4 0 249 139 112 251 131 0 245 0 0 0 105 0 0 0 0 86 0 0 0 256 0 0 
104 0 0 211 0 0 180 99 19 0 0 0 178 221 216 0 31 0 253 230 0 68 63 0 94 123 13 0 220 193 175 242 223 0 205 0 0 0 207 0 0 34 0 74 0 0 17 0 188 0 115 0 0 0 0 0 0 186 5 0 12 106 0 0 178 0 0 0 0 4 231 0 204 191 51 0 241 91 0 0 0 0 0 0 0 111 0 0 22 143 139 0 0 0 69 182 0 0 51 0 
0 0 54 39 163 146 0 167 247 0 0 0 0 0 75 0 0 37 0 223 0 0 0 57 0 185 0 229 103 0 0 110 52 23 220 29 101 203 0 0 175 0 0 231 62 170 219 0 168 100 236 0 0 60 40 0 0 0 119 0 71 0 0 0 234 58 0 37 0 0 4 185 34 0 85 0 110 0 82 0 123 0 0 0 147 0 206 94 108 135 0 91 49 220 256 188 0 0 0 65 
0 0 0 223 1 100 0 80 212 233 0 0 0 62 123 252 95 142 0 0 210 148 0 0 0 0 0 0 0 0 191 180 0 180 173 51 139 134 0 0 0 1 0 175 70 16 0 33 4 209 0 0 200 47 0 39 85 57 43 174 0 116 0 0 103 50 0 0 0 0 0 0 82 231 203 236 0 239 0 82 181 0 0 23 141 0 70 160 0 20 26 0 0 0 14 167 12 68 18 0 
0 9 0 0 0 23 98 176 0 14 113 0 0 0 0 133 208 0 53 193 0 168 34 217 62 12 153 42 201 87 0 0 105 83 74 0 0 28 253 0 218 232 0 0 162 0 0 0 59 24 133 0 0 0 0 241 187 0 232 0 249 1 0 0 0 192 0 0 229 35 17 232 234 0 0 89 0 140 121 0 0 0 208 0 160 0 0 123 0 187 0 228 0 0 0 238 60 141 0 0 
0 0 0 0 104 0 251 0 141 75 21 58 69 91 29 66 4 0 183 218 188 74 0 0 45 0 0 146 202 0 0 70 84 0 0 0 247 0 0 0 176 0 183 0 36 101 0 0 0 0 0 203 0 55 67 0 0 0 137 7 0 211 21 0 55 0 0 0 191 0 175 242 68 0 0 119 118 133 0 52 0 0 244 203 185 0 7 0 209 22 0 108 0 0 95 0 86 0 0 251 
0 173 79 0 124 136 190 220 0 0 0 108 176 150 22 0 61 0 0 170 0 174 0 0 89 72 0 156 14 53 194 5 232 136 0 0 0 0 0 141 0 0 134 0 144 0 199 0 0 0 7 138 209 239 0 0 79 0 130 103 0 98 0 84 0 0 231 243 162 0 91 42 38 125 0 184 0 118 0 21 115 0 31 15 169 215 179 172 31 126 0 224 0 0 30 0 0 0 1 0 
0 0 0 0 0 31 225 140 82 69 0 254 0 0 218 135 0 214 135 240 0 0 0 0 0 203 170 68 0 0 0 5 0 244 222 168 0 28 0 85 221 0 231 13 220 0 0 19 0 0 232 0 248 0 84 241 0 181 26 0 52 0 0 15 0 181 0 0 140 40 0 14 0 0 131 139 0 72 0 0 0 0 0 105 0 0 169 0 0 185 155 182 0 0 82 0 154 82 158 175 
74 0 27 0 0 153 0 0 74 22 156 0 62 0 124 89 31 0 0 209 153 143 182 0 19 154 119 227 0 0 0 11 87 0 0 0 70 0 106 0 212 0 0 0 256 174 114 0 121 0 115 0 200 179 0 172 0 88 223 66 225 147 167 0 176 34 0 218 62 0 56 132 0 81 0 0 129 97 113 0 208 0 0 184 167 0 117 0 0 99 55 255 0 222 217 14 136 8 0 0 
255 237 108 0 0 28 0 209 121 226 0 0 0 0 191 181 0 0 0 0 111 0 256 219 94 0 0 0 0 140 192 0 225 0 137 0 0 0 22 188 0 159 0 0 49 135 0 0 0 0 0 0 0 92 62 0 156 202 159 0 85 190 0 203 0 0 42 1 0 240 114 46 77 0 193 0 68 53 0 0 53 19 0 225 110 88 0 236 125 214 175 82 0 102 132 0 0 0 104 0 
198 181 0 0 121 0 0 26 239 207 0 0 103 0 55 163 0 0 247 0 0 150 0 60 45 229 0 162 0 79 253 128 72 238 142 0 0 231 241 1 44 251 243 0 0 0 8 108 36 141 0 0 0 227 0 0 200 0 0 251 105 0 0 190 0 0 0 204 0 101 145 0 0 19 0 0 204 239 0 245 0 50 0 0 0 137 0 0 137 180 0 0 182 0 187 0 0 39 0 0 
0 13 153 93 67 194 0 111 0 0 0 0 46 191 24 0 226 0 0 156 34 7 61 243 0 0 0 0 0 123 243 72 214 0 16 0 0 96 0 173 74 137 172 103 150 0 131 0 91 256 146 0 0 87 74 18 0 0 0 131 27 103 0 245 106 0 174 209 0 0 42 38 0 0 0 0 0 233 208 55 209 0 0 0 0 0 0 0 57 0 0 183 0 0 124 109 0 202 164 0 
0 33 0 0 0 241 49 0 0 0 0 13 0 0 0 0 0 119 133 0 127 0 149 0 0 153 0 0 0 138 0 234 53 0 5 49 79 0 178 0 126 0 248 206 0 48 0 114 121 0 52 0 0 100 0 165 113 221 109 218 0 0 34 0 255 0 212 179 0 164 0 10 147 12 145 51 238 0 25 169 202 73 212 0 0 1 0 231 241 252 0 18 0 0 1 0 0 102 0 37 
9 223 0 113 0 159 0 0 121 230 161 0 191 0 0 0 46 0 0 0 0 0 201 0 66 0 65 0 161 0 169 0 0 0 0 178 0 0 153 0 219 0 129 0 22 0 0 0 0 0 115 0 0 198 139 140 28 128 189 189 249 0 0 255 232 241 139 146 223 87 0 206 41 0 229 182 0 0 102 0 75 0 103 121 143 173 0 127 0 0 125 135 181 0 71 104 1 102 0 0 
173 0 209 53 0 64 0 0 0 0 84 0 0 186 198 0 186 206 210 32 0 0 0 104 3 194 0 169 0 0 197 98 127 0 0 9 0 0 139 119 0 0 0 112 235 150 161 0 37 0 89 116 0 132 0 179 0 206 0 0 0 0 0 0 0 85 10 0 174 0 0 0 0 161 0 0 215 22 203 0 207 72 0 127 91 235 0 0 241 0 0 0 43 46 245 0 0 155 0 0 
100 0 170 0 0 0 0 0 0 0 0 68 93 0 247 6 21 135 0 0 0 0 0 117 4 106 44 0 140 0 0 0 184 148 0 0 115 136 236 0 0 8 206 152 238 218 0 132 22 0 0 0 0 0 0 0 26 0 230 0 199 0 0 0 0 231 46 146 156 231 0 179 112 0 0 40 34 165 172 0 0 228 0 0 0 131 0 253 0 127 0 128 0 0 175 0 102 0 0 0 
247 0 30 220 0 104 0 1 0 0 146 84 167 0 235 31 221 147 8 0 200 79 0 20 48 28 93 0 0 194 0 65 117 15 0 0 139 0 92 0 59 76 0 0 72 0 59 151 185 0 190 1 246 43 0 0 0 131 41 0 120 241 114 0 0 35 117 50 0 187 203 141 0 0 43 0 172 83 0 0 0 0 0 0 109 0 0 210 182 0 0 129 163 246 135 0 164 120 85 168 
109 248 0 0 214 0 0 219 0 0 11 0 0 219 0 0 70 239 248 208 254 0 80 0 0 124 0 0 0 112 0 0 215 130 0 155 0 51 18 18 161 14 0 109 73 0 0 168 0 39 123 5 41 0 0 0 167 0 15 29 64 0 92 0 0 0 0 0 0 0 0 167 249 0 2 94 7 4 95 46 0 211 64 0 0 0 0 0 232 17 113 43 0 0 0 177 58 0 102 250 
0 148 0 0 0 0 0 182 0 95 0 0 0 70 0 90 0 0 140 0 0 0 43 238 220 0 91 0 156 228 0 67 42 0 12 15 56 195 245 0 251 63 0 66 253 0 97 88 173 64 0 0 245 0 0 0 0 87 0 0 0 0 120 0 0 219 51 0 0 15 0 208 0 0 189 0 0 147 0 0 0 0 56 0 251 0 0 0 0 48 0 245 0 235 0 65 160 42 152 214 
0 0 0 109 13 125 100 0 248 0 0 145 0 0 0 0 170 0 0 232 0 215 213 0 0 130 0 0 0 142 0 0 0 151 203 53 226 0 0 0 39 0 21 123 203 4 71 0 0 0 0 153 2 41 207 109 173 1 59 160 130 213 66 84 101 68 0 103 0 236 57 0 198 0 176 0 231 0 43 0 99 0 0 127 120 89 195 0 0 136 0 163 102 0 230 30 215 184 138 0 
160 0 0 234 124 173 254 88 0 0 0 0 176 0 0 58 187 3 0 109 0 0 0 0 0 0 0 0 254 0 146 160 200 126 142 0 3 67 0 184 0 0 5 0 0 256 0 228 66 0 0 0 0 0 0 21 63 13 0 0 92 189 0 211 1 242 0 151 0 0 183 65 0 56 47 0 0 0 0 0 0 91 94 1 60 159 44 230 0 0 0 229 0 245 50 122 107 175 0 202 
0 0 0 6 243 0 0 0 0 0 137 42 44 187 134 239 236 0 180 0 0 47 0 0 222 242 0 0 242 0 151 0 0 180 0 0 198 0 0 211 33 0 223 0 81 0 0 0 212 228 115 51 0 0 222 5 0 0 40 0 198 94 0 0 0 69 38 0 5 0 0 224 0 0 11 0 211 0 58 0 120 0 158 163 0 132 188 121 0 211 0 0 0 59 0 0 68 0 0 130 
0 246 103 119 0 130 50 122 0 36 0 0 246 244 191 210 0 0 53 0 0 27 0 0 71 0 0 0 190 0 146 0 158 234 0 0 0 0 106 86 63 0 92 49 13 149 14 0 0 0 0 125 0 0 0 0 0 25 224 84 128 138 62 55 0 200 0 90 0 0 190 70 0 217 167 0 0 0 15 46 0 0 56 0 0 110 0 0 17 129 114 221 0 213 0 144 0 150 0 49 
0 0 81 172 51 0 0 0 129 114 0 0 107 30 177 0 0 0 0 0 34 245 0 0 23 30 0 0 0 0 0 40 0 0 106 0 233 172 0 0 195 70 0 0 0 39 212 0 193 0 1 180 0 0 222 0 4 167 22 0 0 89 39 0 88 16 104 0 0 0 232 0 0 0 0 0 114 1 189 127 0 0 0 0 0 0 0 0 0 73 0 91 0 190 99 0 202 62 57 142 
0 0 16 0 0 0 176 16 0 14 0 12 189 236 0 0 121 0 0 0 0 180 246 79 143 0 0 103 0 60 0 251 0 0 215 159 251 0 20 0 0 0 221 0 240 0 73 0 0 0 129 0 0 106 10 0 188 114 219 56 0 133 0 2 0 40 0 0 0 0 0 0 88 0 0 251 0 0 1 0 253 0 0 15 0 12 62 0 35 198 0 0 63 56 0 0 0 203 2 46 
0 41 23 0 65 81 0 208 99 0 0 0 255 0 0 17 0 0 0 106 122 0 0 0 99 125 138 0 201 0 0 141 0 153 0 0 187 208 0 0 0 0 227 0 124 88 141 0 0 0 202 22 20 0 0 99 0 82 0 0 179 13 0 0 5 0 0 0 173 159 0 0 0 136 60 199 156 0 0 0 0 224 0 232 5 57 0 0 0 195 71 0 91 151 0 123 0 0 138 56 
0 0 0 0 0 0 31 245 0 0 117 223 0 35 0 0 202 169 74 83 18 41 255 0 0 30 231 129 123 0 252 151 5 0 186 0 217 0 0 230 0 107 255 178 0 0 0 77 0 132 101 0 114 0 242 0 0 54 0 114 114 207 0 217 203 0 66 107 0 0 0 0 4 0 30 6 0 50 0 0 102 0 253 90 0 207 0 181 8 24 0 180 241 0 0 152 220 0 207 0 
0 0 100 42 178 0 94 227 39 44 223 106 0 146 185 172 0 2 34 182 0 0 135 0 0 195 0 0 0 0 0 122 138 108 165 0 102 0 85 153 43 165 134 0 216 93 190 0 0 0 188 0 103 12 0 200 0 26 0 0 0 0 0 77 18 12 0 0 229 204 157 148 0 31 54 152 0 0 86 0 16 0 0 204 0 50 0 0 113 0 0 0 0 69 0 186 0 0 0 156 
168 217 145 249 149 168 0 136 0 0 0 0 0 27 0 0 131 77 195 0 0 0 0 0 98 0 0 9 51 0 0 0 26 109 20 50 59 0 214 191 0 55 0 0 98 87 0 148 168 246 0 146 0 0 254 115 0 194 231 0 0 0 130 36 0 0 0 0 61 0 0 84 0 0 156 43 231 0 0 144 235 100 229 209 0 0 7 96 194 230 137 1 0 214 128 73 214 0 93 218 
0 0 0 0 246 0 20 236 175 0 37 151 57 0 0 105 0 192 95 0 227 210 69 194 0 32 0 0 0 0 219 0 123 0 0 0 0 130 188 0 73 220 0 0 0 0 203 0 0 31 0 0 0 193 234 0 0 12 0 0 180 243 0 195 0 0 44 0 221 123 0 0 210 58 0 0 0 226 0 232 133 0 0 0 91 206 87 0 197 137 119 217 0 209 94 39 0 0 0 0 
84 0 117 0 154 0 0 0 64 48 0 0 129 127 0 206 19 193 0 191 236 19 0 252 193 207 128 91 90 0 0 52 0 0 0 0 253 0 133 33 0 0 0 0 0 176 0 179 215 202 0 0 0 0 173 134 0 0 212 219 130 0 109 0 0 159 0 197 42 53 0 0 0 0 0 14 159 0 141 78 0 221 86 148 101 0 130 59 0 201 0 51 73 0 0 0 105 107 125 62 
197 42 0 0 216 48 0 0 0 0 0 252 151 91 0 243 42 0 0 16 0 183 161 188 242 163 50 194 0 218 0 0 232 0 102 189 211 113 175 0 162 197 37 0 161 0 63 46 0 140 71 15 187 140 170 8 247 30 0 65 42 69 226 0 0 98 0 0 0 0 128 0 0 0 0 0 156 69 0 108 0 0 0 95 0 0 104 0 0 97 0 0 213 220 0 149 0 0 0 0 
0 53 0 212 142 0 0 176 0 35 210 236 0 53 0 0 0 253 0 65 0 238 18 48 40 0 9 221 0 45 0 167 0 0 0 141 191 165 0 0 38 0 206 0 35 33 248 139 0 203 0 0 209 0 200 36 0 0 0 83 0 0 0 213 0 0 245 251 0 0 0 115 0 211 6 28 151 4 0 0 118 0 184 47 0 0 167 199 251 91 189 0 255 35 227 0 0 0 254 0 
200 23 0 0 0 13 0 131 32 0 0 89 0 238 8 160 64 60 146 96 0 0 0 0 93 0 0 75 19 252 210 233 80 0 0 0 45 175 0 0 0 194 0 4 0 0 0 37 32 0 72 87 199 0 203 0 0 0 146 58 0 0 72 38 0 0 153 81 0 0 0 113 66 0 0 0 0 0 160 171 0 16 0 0 209 0 0 228 0 114 0 0 170 0 0 0 0 0 0 176 
101 0 24 0 0 218 0 181 0 0 0 0 0 161 0 138 0 160 0 0 0 146 4 80 0 0 132 217 255 54 201 0 0 214 0 208 6 130 167 213 0 24 193 0 105 0 0 0 127 118 75 56 0 0 0 0 166 0 60 37 0 212 0 96 0 212 0 0 196 11 0 0 139 0 0 0 0 143 4 123 0 112 89 0 27 105 227 0 9 50 0 0 0 251 242 0 0 0 0 0 
0 0 0 28 65 158 0 0 0 0 61 0 219 25 116 221 0 0 0 160 0 0 0 247 103 0 137 0 121 177 0 43 192 181 33 68 146 0 178 0 48 187 233 26 0 77 87 15 143 0 0 37 0 0 0 0 142 99 172 0 0 220 0 177 0 0 0 0 208 43 201 247 15 0 0 122 196 182 0 0 0 174 84 0 0 110 3 0 0 203 152 0 0 183 199 0 0 192 134 0 
28 106 0 46 0 37 0 0 47 167 108 72 0 225 223 0 92 0 231 199 60 148 185 0 68 220 82 0 41 120 116 0 0 0 0 9 0 10 0 0 0 160 79 0 0 126 137 24 147 0 223 128 0 0 0 19 0 0 0 57 128 29 50 66 76 0 238 186 0 134 0 166 74 0 0 0 0 0 0 0 125 222 0 0 72 0 0 0 0 122 0 0 198 169 118 0 119 92 83 0 
122 218 13 152 97 241 0 253 0 147 93 0 0 54 0 0 0 166 123 0 0 124 0 0 29 0 89 77 0 8 188 148 23 167 118 0 234 176 95 0 0 244 0 0 194 7 0 0 210 0 158 9 0 222 186 0 0 227 0 0 0 49 0 0 0 95 7 74 30 0 168 0 166 0 5 0 179 0 83 0 0 0 213 78 172 200 0 0 156 0 0 0 0 206 0 64 0 0 0 17 
221 252 0 102 0 0 14 207 112 73 122 0 2 0 0 170 0 8 96 0 0 48 90 15 155 142 223 0 130 0 0 25 0 101 141 196 0 0 0 9 256 159 150 0 0 118 0 102 0 228 0 72 154 0 0 0 0 102 44 0 193 0 56 0 0 32 199 0 72 0 194 0 180 0 0 0 68 0 45 96 0 0 0 8 138 0 0 0 15 0 0 0 67 0 212 0 48 0 0 0 
0 118 0 233 0 139 0 115 0 221 118 0 210 0 110 0 0 6 29 98 0 188 1 242 242 33 186 0 217 0 190 0 0 183 251 232 0 216 0 43 151 39 26 0 245 56 0 165 74 224 115 0 0 120 55 250 0 29 0 247 204 0 0 0 0 249 248 0 0 0 0 255 0 230 17 0 10 21 216 0 0 52 0 238 99 222 0 0 247 0 249 226 0 119 92 0 0 127 0 0 
0 0 0 0 64 211 170 0 170 0 81 0 0 129 0 250 150 215 9 0 63 0 0 0 0 105 4 203 209 0 0 0 118 231 0 197 0 31 254 67 0 34 0 43 56 0 82 155 0 68 0 0 0 157 0 178 137 0 191 103 0 20 0 139 0 142 0 0 177 0 3 220 240 27 0 0 0 0 101 155 0 0 0 0 0 0 35 148 113 191 0 0 0 0 0 0 0 0 75 214 
0 0 23 0 0 11 0 101 0 0 234 0 61 0 0 0 0 0 0 9 55 127 39 181 61 0 0 0 0 20 183 0 25 163 0 233 0 0 74 114 75 171 0 0 195 0 0 154 0 112 231 116 0 0 94 141 0 67 0 0 0 0 26 0 0 0 203 0 38 0 195 0 0 0 0 97 0 0 185 155 179 0 85 6 14 0 0 22 0 0 18 221 0 0 92 0 0 139 13 0 
37 0 0 219 215 166 53 0 157 38 0 6 173 95 0 212 121 24 188 106 201 0 145 206 21 0 216 228 0 62 47 0 205 208 34 27 0 231 38 5 166 214 83 2 250 0 0 0 0 163 0 0 0 0 208 0 35 243 61 129 50 94 92 0 0 0 0 190 0 0 0 0 243 68 0 0 0 253 237 7 0 87 222 19 199 0 63 0 0 95 72 124 132 238 13 0 0 169 144 168 
140 0 0 250 141 0 0 65 0 14 0 128 0 0 0 149 0 54 0 0 135 196 0 62 0 96 127 59 6 0 0 0 0 0 184 178 0 222 121 250 0 250 0 0 0 0 129 0 0 160 128 242 199 205 0 0 31 0 22 145 196 27 0 35 0 0 19 128 0 24 19 0 0 134 73 10 201 80 27 22 52 121 186 31 68 0 0 0 171 8 34 254 0 0 0 217 0 56 72 235 
0 225 103 0 115 0 234 0 0 109 0 253 149 0 137 0 101 0 174 0 0 0 221 128 137 52 48 243 0 0 83 0 77 0 112 0 57 0 0 62 180 0 0 0 0 0 0 253 0 0 0 20 0 0 0 245 0 0 141 0 163 0 88 128 64 0 0 45 0 0 184 0 210 0 0 0 0 0 0 79 0 190 228 185 61 0 218 127 124 0 0 167 0 0 0 145 0 54 0 0 
60 102 231 0 99 162 174 55 0 35 175 170 0 119 0 0 0 0 0 0 162 0 226 0 0 37 91 127 172 0 213 0 0 0 0 0 0 0 23 176 143 35 161 67 149 0 0 238 214 0 32 0 55 96 0 0 227 27 0 207 0 81 0 0 0 235 0 55 1 0 166 214 0 11 0 0 106 0 146 0 0 0 0 0 0 174 0 58 114 0 0 0 0 0 13 0 0 93 0 113 
153 11 0 0 0 207 239 43 228 211 128 0 59 66 0 0 0 0 43 129 0 87 82 191 105 37 0 196 202 0 183 213 123 245 209 0 196 48 0 0 127 127 183 167 0 0 0 129 0 15 234 225 0 193 254 215 118 242 0 172 245 215 133 78 204 101 192 97 0 17 41 205 59 0 86 171 0 45 0 51 0 86 220 0 0 129 93 157 11 0 219 0 145 0 79 9 108 183 0 0 
