periodo attrattore:
53
270
1
33
10
1
1
1
1
1
1
113
21
1
1
1
10
22
1
1
1
1
1
1
1
1
1
12
1
210
1
6
1
25
19
1
23
1
10
67
35
1
15
1
35
1
1
1
29
154
45
1
1
25
1
1
204
36
1
48
1
1
11
36
9
1
1
17
14
1
1
1
1
527
1
1
19
112
24
44
1
25
18
4
8
28
112
15
1
1
40
14
1
1
1
15
1
36
28
15
32
1
1
15
1
51
10
18
126
238
1
1
1
1
31
25
30
1
18
8
16
1
22
36
1
1
1
22
1
1
25
1
14
1
17
1
420
1
1
36
1
14
1
1
1
1
1
15
1
1
1
18
1
1
1
17
25
14
260
68
1
1
1
9
28
81
44
37
7
12
9
1
1
12
26
25
16
6
1
1
1
16
1
1
1
380
1
1
25
9
1
17
21
176
1
11
1
1
72
1
84
46
1
34
1
1
24
18
1
1
1
1
1
26
11
25
1
1
120
154
51
1
1
64
17
1
17
52
1
1
260
350
1
1
1
1
13
1
30
24
1
1
1
1
408
19
1
12
1
132
1
40
1
1
48
1
1
1
1
74
266
9
48
1
23
30
27
1
20
65
1
126
108
64
1
1
1
9
23
12
1
1
24
16
30
1
1
270
1
1
1
1
10
80
8
1
21
24
14
34
44
9
24
1
31
39
1
21
1
1
34
14
1
1
19
13
36
1
1
23
18
30
17
608
1
1
156
8
1
54
1
33
68
11
1
63
1
19
1
110
1
1
26
361
1
20
1
23
1
16
15
13
1
1
600
1
26
1
1
4
1
1
33
1
1
34
58
98
442
15
19
1
1
24
1
153
7
16
1
27
43
29
1
1
45
11
1
39
1
14
1
1
1
1
59
23
21
13
14
572
1
11
1
27
1
66
40
1
20
38
15
255
12
25
32
1
70
1
204
1
43
35
1
546
36
1
1
91
16
1
1
1
16
17
1
18
1
1
1
14
32
1
13
1
28
1
1
1
1
150
10
22
1
1
6
72
48
1
1
18
18
40
31
28
1
1
37
1
50
1
16
663
19
7
1
1
29
19
20
1
15
1
1
1
120
13
1
1
1
30
22
43
16
260
1
1
1
26
306
1
15
1
27
18
1
1
18
1
1
15
9
1
195
86
40
48
1
35
1
92
140
1
14
40
18
51
1
50
30
1
106
1
1
1
1
1
1
1
18
11
12
20
40
266
1
25
36
22
1
19
1
1
11
44
408
1
1
6
1
13
1
1
43
1
1
1
12
21
20
49
1
1
1
1
19
1
11
1
21
27
1
651
1
42
492
28
10
13
1
23
1
11
68
37
1
1
297
7
154
57
10
1
15
16
93
33
1
1
1
29
1
252
1
11
45
16
1
1
58
1
1
1
19
1
1
48
31
33
44
7
1
1
54
1
1
1
14
1
154
21
170
1
1
1
13
1
1
208
17
1
1
195
1
10
1
1
1
12
52
1
1
1
88
1
22
1
1
13
1
1
1
34
17
1
1
33
26
33
28
22
29
1
24
1
16
40
1
1
1
100
29
1
1
1
24
532
1
1
1
59
1
1
18
43
357
22
12
1
1
10
1
276
17
39
22
24
1
1
96
1
1
15
1
90
1
1
27
30
1
1
1
45
1
48
36
1
30
1
1
139
44
1
1
51
1
90
21
1
11
1
1
260
75
342
1
15
1
20
1
1
1
14
1
1
13
1
1
1
90
5
468
1
1
83
374
27
10
1
16
1
16
1
19
1
24
44
1
21
1
1
1
1
1
10
26
81
1
1
1
22
1
1
1
45
1
20
21
1
1
51
33
1
10
1
1
16
1
1
38
4
1
1
31
1
38
22
1
1
1
1
1
1
1
30
30
1
21
1
1
17
12
456
1
1
1
1
14
13
42
1
27
13
1
1
1
1
1
198
49
1
42
15
90
12
1
1
1
22
1
230
1
41
1
24
41
323
1
1
1
40
1
60
24
14
8
1
20
108
20
1
1
1
1
1
88
147
29
1
1
64
1
1
8
19
17
55
1
16
31
28
1
1
1
21
1
16
1
1
41
45
1
32
1
16
1
1
1
73
1
47
9
77
58
32
26
1
1
10
1
53
14
714
342
1
1
1
1
960
1
14
1
1
40
42
42
1
1
10
1
1
16
1
25
1
1
29
10
1
22
13
28
28
45
1
1
39
1
1
1
1
1
1
24
28
12
1
1
20
8
1
28
1
1
1
1
117
176
1
1
1
1
390
152
1
14
120
1
40
37
11
1
43
10
1
1
1
1
1
12
5
1
29
77
58
30
1
168
44
1
1
540
16
34
25
1
1
846
44
1
26
57
1
1
38
1
1
51
19
1
22
19
38
24
1
1
1
24
34
8
31
20
29
1
43
8
34
1
14
51
266
48
18
58
1
62
1
89
1
13
33
22
1
51
1
1
22
1
24
13
1
1
12
1
23
41
27
24
1
6
1
22
1
231
29
1
1
1
29
20
1
1
1
1
1
1
16
17
20
7
1
10
1
23
12
54
16
112
1
64
27
1
10
1
43
70
1
6
114
49
39
1
1
1
10
28
1
1
1
1
1
13
8
1
1
1
1
1
1
1
11
1
56
9
56
1
12
34
1
41
12
7
1
18
368
280
855
10
21
1
17
1
19
22
13
1
28
31
1
1
1
11
26
1
1
1
35
47
48
32
1
27
51
73
1
1
28
1
1
1
44
1
240
1
1
31
1
1
29
14
1
23
51
16
27
1
1
23
66
36
12
1
1
37
1
1
1
1
54
1
1
23
1
1
1
19
1
1
1
60
21
1
32
50
33
50
28
1
43
1
27
15
16
1
1
1
41
62
1
13
1
1
1
1
1
1
23
37
8
1
76
1
24
18
1
1
26
1
1
806
7
13
87
1
1
1
1
1
47
18
1
43
45
1
136
176
71
68
80
1
23
1
1
1
1
1
1
34
1
1
1
1
1
1
10
1
17
220
1
1
1
1
17
1
286
240
31
1
45
23
13
1
1
1
1
195
61
1
12
1
27
19
1
627
1
14
1
1
1
1
1
16
1
47
20
1
1
19
1
1
1
50
22
1
25
14
1
1
13
1
45
1
1
58
1
1
1
1
105
1
18
9
52
14
1
52
1
1
1
17
528
25
21
8
1
220
18
1
90
1
1
1
1
40
1
5
1
325
1
1
1
1
37
70
13
28
1
1
13
1
6
1
24
1
17
76
1
48
50
44
12
1
135
1
1
14
19
1
1
21
28
70
21
37
1
28
280
1
1
17
1
1
1
18
25
24
1
18
35
20
8
80
57
1
168
12
20
105
14
1
1
49
1
59
20
33
36
1
38
1
1
42
1
57
56
56
76
53
27
60
27
1
46
1
13
35
12
14
1
20
7
1
646
62
23
1
1
1
35
13
306
1
1
1
67
1
1
210
26
33
12
65
1
1
13
1
28
23
48
1
1
1
42
1
40
16
10
14
1
1
368
38
37
1
7
1
48
22
10
39
1
1
1
48
46
1
1
1
1
6
1
38
504
1
7
1
58
17
10
13
1
1
18
1
13
306
43
21
19
12
1
20
1
1
37
306
1
1
76
1
1
1
1
37
442
7
76
16
70
1
1
1
1
1
1
1
17
1
1
62
29
1
16
9
1
1
1
1
1
1
1
1
1
1
1
12
1
22
1
35
15
1
54
1
198
1
1
56
10
286
1
33
1
23
34
12
18
1
1
35
23
13
1
1
1
1
27
52
16
1
33
1
1
28
1
67
40
1
1
1
1
1
13
1
1
11
29
1
1
1
19
32
32
1
744
41
27
1
1
105
84
17
1
14
1
25
43
35
25
35
1
1
52
1
1
9
1
66
1
49
8
1
31
1
18
26
1
1
71
1
1
88
71
1
1
1
26
14
64
10
510
1
29
1
7
11
165
1
1
1
9
1
1
152
1
360
1
406
1
1
1
21
1
13
64
1
1
1
1
1
12
1
1
26
74
1
234
12
1
1
18
13
20
20
1
1
360
1
24
1
9
1
24
1
1
1
1
46
1
21
43
25
1
18
1
1
20
22
1
1
40
1
1
1
1
1
1
20
1
24
37
1
22
420
1
1
10
1
25
47
1
1
13
8
3
1
20
1
1
1
29
161
1
1
71
22
1
1
1
70
13
43
1
13
27
1
37
1
11
65
1
1
8
11
1
35
1
16
17
23
28
1
29
9
1
1
1
74
16
1
1
1
1
12
18
140
1
28
1
1
94
41
1
1
60
12
1
1
1
40
1
18
31
1
1
12
1
1
1
1
1
1
1
1
1
1
1
1
275
1
33
22
1
40
62
46
399
21
17
1
6
44
180
21
1
11
19
1
1
18
330
22
18
12
15
1
1
33
1
10
30
1
77
1
1
1
1
1
17
1
1
15
10
1
14
1
37
1
1
1
1
16
42
9
1
1
1
1
1
328
1
1
650
56
10
36
1
42
20
1
15
1
1
1
1
17
1
22
21
903
100
21
41
11
1
1
1
24
90
56
1
170
8
442
19
651
1
1
30
122
23
96
1
1
12
48
1
1
11
1
36
1
23
1
15
6
21
16
1
1
1
1
35
14
1
33
1
13
32
42
10
1
38
26
18
1
9
1
36
11
116
25
29
1
1
1
16
16
41
1
1
42
1
19
12
1
1
26
66
1
52
1
1
10
1
1
65
1
1
1
110
34
1
173
13
9
1
1
1
7
1
1
12
1
20
26
1
1
1
1
1
64
1
1
1
1
1
1
29
18
532
885
1
168
216
1
27
1
1
1
26
31
12
26
644
1
25
1
11
143
540
1
1
30
21
21
15
1
1
1
16
1
17
68
1
1
11
11
1
17
20
27
1
315
1
1
1
1
1
36
70
1
10
66
440
1
1
40
14
1
1
1
1
49
1
28
1
63
65
1
1
1
1
1
1
6
1
28
21
1
1
25
68
17
1
130
41
82
32
1
26
8
9
108
1
1
19
575
43
52
161
30
1
23
1
16
1
26
26
35
14
1
1
1
1
42
1
27
5
12
116
1
24
15
13
20
78
14
43
20
84
1
36
1
1
1
63
1
11
29
1
1
47
1
177
40
17
19
1
35
1
10
1
1
1
1
49
46
158
39
1
20
14
81
1
110
26
17
1
1
1
19
1
702
10
1
459
1
6
16
168
17
81
52
1
1
1
1
22
1
1
30
1
13
1
1
1
1
65
1
1
1
1
23
36
1
1
1
24
102
1
1
1
12
15
33
1
1
1
1
28
1
96
1
1
1
16
16
23
1
11
1
30
1
1
1
48
6
1
1
13
15
1
1
35
1
1
29
1
1
29
19
21
1
1
1
1
1
870
17
1
95
18
1
1
1
24
1
1
1
25
84
1
1
36
624
28
1
30
435
35
414
1
24
1
1
15
1
16
28
1
45
21
1
37
1
360
8
13
25
18
1
1
1
28
11
1
1
60
555
22
1
1
21
40
83
26
442
1
209
1
1
20
52
1
13
1
10
1
35
42
1
48
1
13
1
1
22
18
1
1
17
1
1
1
25
1
1
14
31
1
110
1
33
1
1
21
1
1
1
1
8
1
48
122
1
180
16
19
187
15
1
12
1
14
1
37
111
8
1
110
1
1
1
1
38
900
1
1
35
1
1
19
1
11
1
1
79
40
1
1
52
6
1
1
15
1
88
30
1
1
52
15
1
1
18
35
22
1
23
19
1
1
8
38
1
462
39
18
1
1
72
15
15
1
36
50
1
1
9
1
1
33
1
80
1
22
41
1
1
1
48
10
220
17
28
19
1
1
14
30
114
351
23
1
36
1
20
9
1
47
1
1
1
1
86
1
1
24
126
32
1
25
35
40
1
12
18
1
20
14
57
1
15
60
1
1
10
1
22
17
690
126
1
27
637
1
41
86
106
1
20
15
1
1
1
1
17
1
20
30
1
1
1
1
21
1
1
36
1
1
12
1
154
19
1
1
29
1
1
1
38
50
89
6
37
41
1
33
1
42
54
50
10
1
33
16
22
1
1
1
1
1
1
23
11
10
14
40
14
1
54
80
210
1
33
1
31
1
1
84
1
11
1
1
1
1
43
1
36
1
1
1
9
1
53
1
1
52
260
1
36
34
1
1
1
1
54
11
1
248
14
1
84
14
28
1
13
42
11
1
418
17
1
1
1
1
17
1
1
1
1
27
1
1
80
1
1
1
1
1
44
26
22
22
1
31
16
1
9
62
1
1
1
57
1
1
1
27
1
19
1
15
17
1
1
1
18
1
480
11
228
1
125
1
1
36
48
15
65
1
11
1
420
1
1
1
1
1
1
37
1
195
24
79
1
1
1
24
1
16
1
1
11
14
15
1
11
483
24
69
1
1
1
160
1
175
31
1
1
21
32
240
288
77
16
21
1
1
1
21
1
9
44
1
380
1
36
109
68
1
25
1
35
1
1
234
1
1
1
1
1
1
13
11
1
30
126
11
1
1
644
154
1
1
78
13
26
13
31
1
14
1
78
13
1
12
1
26
19
29
57
1
1
1
33
228
21
90
1
16
1
1
9
312
17
19
25
1
1
20
30
17
21
180
15
59
1
22
1
15
1
46
1
1
1
92
46
26
1
1
120
26
188
19
1
1
1
1
25
1
1
1
182
1
18
352
1
1
8
17
37
11
35
19
1
1
36
15
90
18
33
80
78
1
1
1
1
18
32
1
1
27
48
1
75
1
25
1
47
10
1
46
37
1
20
1
64
25
24
1
4
11
15
34
1
1
1
1
1
1
24
1
23
1
1
46
1
1
15
1
1
25
1
26
21
60
1
33
19
4
1
1
520
1
1
46
19
21
1
17
351
19
1
47
16
1
32
1
1
1
15
1
1
1
14
1
1
1
1
1
6
1
1
1
1
1
16
13
33
54
6
1
40
85
15
1
1
1
266
1
1
1
72
22
24
1
1
1
425
1
29
1
33
1
15
26
60
1
29
35
46
1
1
33
1
456
144
1
86
7
12
1
20
1
28
90
10
17
13
12
15
1
31
1
30
24
45
149
1
528
16
26
1
23
1
1
1
15
22
17
880
1
12
11
1
51
1
15
59
104
19
19
34
1
18
247
23
1
108
35
1
1
1
1
1
1
26
231
1
21
13
48
1
1
1
85
92
45
25
1
1
16
1
1
1
1
1
1
1
1
1
1
21
1
1
1
36
224
1
510
31
1
16
32
1
1
12
1
589
11
1
16
6
1
1
30
364
28
1
9
1
1
1
12
15
12
18
21
25
45
1
1
1
35
46
1
10
25
1
1
1
1
1
1
20
1
1
1
18
1
40
1
1
39
47
1
1
800
20
26
1
27
13
1
10
10
14
1
1
1
7
1
1
1
24
66
280
19
58
1
1
17
30
1
1
1
1
50
15
1
26
36
186
20
1
15
1
16
1
80
140
88
1
1
21
1
1
7
1
1
44
1
1
33
72
50
1
30
11
14
1
49
231
42
1
1
1
1
1
240
1
1
1
912
66
1
1
23
26
10
1
26
1
1
1
328
1
1
95
1
12
1
8
18
19
132
1
25
12
14
1
1
10
1
11
17
21
1
1
650
11
1
1
20
17
1
80
1
36
1
1
342
1
247
26
1
55
7
1
1
15
1
1
24
1
1
22
9
11
1
23
13
21
7
12
1
1
30
17
67
31
17
20
609
1
27
1
11
14
1
1
55
21
8
1
27
13
1
5
88
40
126
27
1
1
182
17
1
1
1
22
11
59
1
39
1
27
1
17
1
25
12
1
1
1
1
33
52
1
2
126
14
1
1
48
221
19
62
26
28
1
1
1
793
32
1
1
42
1
1
1
30
25
21
1
112
1
1
1
87
54
18
1
1
18
26
11
93
11
1
2
24
1
1
15
57
27
13
1
30
1
1
66
714
70
22
1
1
1
9
35
46
11
17
180
1
46
1
1
14
1
78
108
1
1
1
23
1
1
396
22
858
39
1
1
40
270
1
1
1
14
1
13
1
12
1
11
1
99
1
30
1
84
1
1
119
25
1
18
1
1
7
25
1
48
1
27
1
20
25
90
24
1
1
1
13
1
6
1
17
210
1
24
1
1
464
1
1
1
20
1
1
126
26
33
22
52
14
21
1
25
1
72
1
1
1
1
1
52
1
1
1
1
33
20
1
20
1
67
12
1
168
1
1
1
5
22
13
25
7
34
1
1
14
1
1
24
1
1
32
12
25
1
11
21
25
180
1
1
100
24
425
1
1
1
15
54
1
13
210
1
1
1
32
81
26
12
61
1
17
9
32
304
1
82
1
28
1
198
14
1
135
34
11
15
225
29
1
1
1
26
34
31
1
49
1
1
1
1
14
1
35
450
1
1
1
14
94
1
24
18
10
37
1
1
1
1
1
1
1
20
1
1
6
1
1
1
1
414
185
1
176
1
962
13
1
1
1
14
46
1
1
11
1
24
1
18
1
1
1
1
33
1
1
1
1
69
13
1
1
28
1
70
171
1
1
1
24
48
1
1
25
1
481
1
1
60
43
26
54
406
22
1
17
1
1
1
1
24
1
13
1
350
1
52
26
72
63
1
13
45
12
1
5
57
19
1
4
24
1
260
1
21
230
10
8
1
1
17
21
1
15
140
19
45
1
47
1
13
1
1
1
1
53
1
54
1
665
17
7
1
26
1
171
1
1
1
63
29
1
1
1
1
9
98
1
23
86
68
35
14
6
86
36
1
64
30
38
9
6
1
7
47
1
84
1
1
1
1
23
9
1
522
18
364
1
25
20
1
1
1
1
1
1
1
25
310
583
1
1
5
32
85
1
98
23
1
1
21
25
304
120
10
14
1
1
29
34
1
1
1
84
13
1
1
63
1
1
20
1
1
1
27
30
154
1
1
1
1
1
11
1
25
126
220
1
39
22
1
1
1
1
1
1
91
1
1
13
37
1
45
1
18
1
1
1
1
1
1
17
1
34
1
44
1
60
19
1
1
1
207
21
15
207
17
4
1
1
18
15
24
53
25
1
1
1
1
1
44
23
90
1
26
1
1
1
1
1
1
1
77
25
1
1
1
19
1
10
1
13
36
14
1
239
1
29
1
1
8
1
69
1
5
1
12
24
1
1
1
14
1
27
12
1
1
43
1
15
32
19
1
28
1
455
14
16
1
18
1
24
1
68
1
1
1
23
31
1
1
16
13
1
1
1
1
1
34
14
418
468
30
1
5
18
1
15
14
588
1
1
15
1
1
16
23
1
1
1
1
46
1
1
23
12
13
1
1
7
47
1
21
1
1
66
22
60
1
1
33
176
42
1
31
19
1
13
1
12
1
14
1
1
1
510
27
1
308
17
1
1
63
1
75
1
22
9
217
22
1
1
17
133
1
125
1
53
1
15
40
20
1
1
18
1
25
1
1
25
30
1
1
54
1
1
1
27
26
1
1
287
1
1
13
1
1
84
1
1
18
25
9
1
1
176
8
15
10
19
1
165
89
48
156
9
13
364
35
1
1
14
9
91
19
7
1
1
1
37
33
1
1
1
13
143
1
1
35
13
1
1
1
1
50
1
112
187
89
1
550
1
31
253
90
12
1
1
1
25
20
1
1
1
1
12
14
31
11
1
1
4
31
1
28
1
136
1
11
1
147
48
56
1
110
1
1
1
14
17
1
28
1
95
31
15
16
1
10
1
48
1
16
8
1
1
23
36
228
1
15
1
1
1
330
15
5
28
8
31
30
1
11
1
20
10
1
10
1
13
120
1
32
46
18
38
27
570
1
16
1
1
48
30
1
1
1
1
1
1
90
1
1
528
55
129
1
19
1
18
1
9
36
1
6
1
19
18
15
304
1
36
30
31
33
41
19
1
17
19
1
455
34
574
32
8
221
1
1
18
1
1
22
1
1
37
19
43
1
12
1
54
15
25
22
1
1
46
1
45
1
33
1
1
1
18
11
8
33
56
1
168
1
23
1
16
23
1
34
1
1
1
41
12
22
1
124
16
1
38
25
1
21
1
61
12
17
36
6
52
35
105
1
42
1
1
1
874
1
1
16
72
1
1
21
1
1
13
70
1
15
28
1
30
35
1
9
1
1
1
34
19
1
1
1
1
40
1
30
1
26
41
1
19
1
1
1
1
18
1
12
19
85
72
1
1
1
1
1
1
22
140
1
1
22
1
24
28
182
1
1
1
1
1
21
13
52
16
1
1
18
46
1
34
1
19
22
27
429
45
1
1
17
40
1
1
12
1
272
30
14
1
1
13
1
1
924
1
1
38
42
24
1
1
14
435
11
1
76
1
1
58
1
15
22
1
182
44
37
67
8
44
42
1
1
1
50
11
13
1
62
13
1
26
1
1
1
1
61
39
11
1
18
1
4
1
12
285
1
1
7
1
1
33
4
1
36
22
1
29
1
1
16
38
1
104
171
480
18
29
1
39
1
1
17
1
1
152
23
1
115
24
14
1
1
58
16
1
59
37
1
15
1
1
28
240
36
1
59
11
1
54
39
522
1
1
17
1
1
1
1
20
66
1
1
1
15
48
22
1
1
5
1
14
16
17
105
1
16
55
14
1
1
1
1
1
17
10
1
40
1
1
27
1
740
1
1
1
1
1
1
1
53
24
1
9
1
1
82
1
1
9
1
31
53
1
1
1
1
18
1
28
29
9
1
1
17
1
8
12
13
15
1
107
132
198
1
85
1
1
688
12
1
105
1
1
30
14
1
255
18
44
105
42
13
1
130
19
5
154
14
13
1
1
1
1
24
1
1
1
54
1
21
1
406
30
56
19
20
18
1
24
13
32
13
228
1
1
1
13
168
7
1
30
1
13
16
32
26
1
31
15
42
1
25
1
1
1
1
1
11
1
29
104
208
1
1
1
1
435
1
1
28
8
1
1
9
15
1
21
40
1
63
10
1
33
28
1
1
13
1
1
81
1
1
10
1
1
12
7
32
1
1
50
1
1
4
1
1
22
1
17
15
1
14
8
46
420
1
1
1
12
130
11
15
13
1
61
33
10
1
1
1
1
10
42
1
13
19
1
1
1
11
1
18
9
60
1
1
115
23
1
80
67
1
12
273
16
1
17
10
10
77
1
54
14
390
1
28
1
1
74
1
16
1
1
1
1
1
18
1
1
11
30
1
36
27
1
12
15
1
1
154
78
17
17
11
38
1
1
1
1
48
483
1
1
1
12
43
16
47
1
1
1
18
114
1
1
21
104
35
36
1
1
17
18
48
360
21
45
54
46
1
33
22
21
1
13
1
26
1
15
1
1
1
912
40
1
15
180
56
1
41
1
1
168
1
1
744
1
23
13
46
1
22
19
52
1
1
1
195
48
74
1
1
42
10
1
16
1
1
1
1
32
26
10
13
21
1
18
1
18
1
1
1
1
8
1
21
1
1
23
30
1
60
117
82
1
232
60
1
11
1
32
1
142
69
5
24
30
34
38
35
1
1
1
1
14
10
17
1
1
43
1
18
1
29
1
1
1
63
40
1
53
1
34
1
48
14
306
1
105
49
1
1
1
69
1
1
260
1
1
80
1
43
1
1
1
228
1
10
1
1
32
1
12
210
36
1
12
30
18
16
35
1
1
1
1
1
1
1
846
18
30
61
1
9
1
1
1
25
20
1
20
1
43
14
19
31
20
1
1
15
30
1
1
19
16
1
23
396
1
1
56
1
25
1
29
1
9
19
51
1
1
29
106
17
1
460
19
16
1
1
247
19
1
1
68
42
1
1
1
15
1
1
38
48
1
1
65
1
1
12
1
1
18
1
1
1
21
1
20
1
1
1
1
1
32
1
30
1
1
1
47
76
54
1
496
1
1
11
1
1
33
1
1
16
25
1
1
9
1
14
16
4
27
58
48
1
80
1
11
270
312
16
1
35
1
1
1
1
28
1
1
19
1
1
910
15
1
10
1
1
1
1
1
140
1
950
21
18
1
1
1
15
1
16
1
1
31
16
1
116
13
24
48
17
31
14
266
1
19
1
15
1
1
1
40
27
1
41
1
1
46
17
29
26
1
21
11
1
1
12
1
1
1
93
45
1
13
1
40
46
1
1
17
56
14
27
126
1
1
21
1
228
1
1
82
1
1
124
1
18
550
1
308
31
21
1
18
1
17
31
6
1
1
1
73
1
1
209
46
28
1
21
44
1
1
28
1
7
23
1
1
1
22
391
10
1
1
32
29
7
23
79
16
17
180
1
414
1
16
1
21
1
12
1
480
1
59
11
1
1
1
40
1
264
114
36
18
1
1
24
1
376
11
12
1
1
25
56
1
1
20
8
1
1
8
1
34
33
1
15
1
1
1
1
14
1
10
1
41
26
90
9
1
1
1
20
15
1
1
1
1
18
1
23
1
9
1
1
1
608
1
1
1
1
82
1
34
1
1
1
1
572
7
23
23
1
1
816
1
4
1
60
1
8
1
1
39
1
36
25
1
24
36
143
34
1
224
1
18
1
1
986
1
72
11
1
1
660
91
19
1
117
1
1
15
1
1
17
1
13
17
1
1
48
209
1
1
42
1
1
1
1
1
1
25
1
15
1
1
19
10
1
37
62
48
1
68
1
1
1
1
65
1
1
23
50
18
1
1
1
18
330
33
25
216
54
20
1
644
28
67
13
1
35
1
1
1
48
602
1
25
54
1
1
10
1
190
1
1
954
16
11
1
15
1
1
21
16
20
13
180
13
20
219
90
273
1
1
27
27
20
1
30
1
1
1
38
1
31
1
67
1
144
36
1
1
1
21
1
1
11
10
1
1
1
14
10
1
17
1
1
6
1
1
9
1
1
51
17
132
84
23
62
27
25
228
1
1
1
1
9
1
1
328
13
60
14
1
1
26
1
5
1
1
93
1
1
1
1
48
1
1
1
67
16
25
57
1
1
1
1
1
41
69
1
9
23
69
31
27
16
58
71
1
21
16
323
1
1
14
21
15
1
35
1
47
27
1
1
75
28
84
32
1
1
49
1
152
1
1
1
58
33
270
9
1
1
23
1
12
42
53
1
36
148
1
11
374
1
40
55
43
30
31
25
15
28
34
56
33
1
10
1
1
110
62
13
1
34
18
1
1
35
1
36
23
1
1
8
1
34
1
240
16
150
1
23
34
49
1
1
1
63
45
1
8
52
34
17
15
1
12
1
18
1
1
1
1
1
26
1
27
28
1
55
1
25
9
1
1
1
1
10
312
14
30
1
1
1
22
1
41
1
1
1
51
94
1
11
1
18
1
184
1
14
36
21
1
31
1
1
48
1
42
1
1
1
29
10
25
380
1
21
23
1
13
1
20
44
38
1
1
1
16
1
1
67
1
1
341
32
65
31
1
1
13
1
36
1
1
1
1
13
1
1
425
17
1
72
38
16
1
1
1
1
1
23
143
1
1
1
1
11
1
1
1
1
1
1
15
1
1
31
87
57
1
238
26
1
1
19
1
13
12
22
130
1
1
35
21
51
25
1
12
27
35
1
1
1
1
12
48
43
49
1
1
1
38
1
1
13
1
32
1
16
32
1
1
1
1
49
25
42
1
16
1
1
40
31
1
195
19
49
1
1
1
57
35
1
35
18
1
1
1
1
43
17
28
21
136
1
1
1
33
25
1
1
52
83
1
1
62
1
47
20
1
25
1
15
1
1
1
1
14
25
1
1
1
45
1
26
1
1
34
6
17
1
1
32
1
19
1
1
13
1
22
11
74
1
1
1
288
32
336
1
1
24
1
1
26
1
7
16
42
1
1
1
23
437
154
1
1
1
26
60
48
19
17
1
1
19
1
33
1
28
1
13
1
20
1
1
510
1
8
18
11
1
1
26
1
65
984
21
1
1
1
1
16
1
24
43
54
666
440
1
22
20
16
16
1
1
67
70
1
1
1
1
1
1
71
50
1
88
1
1
54
23
66
17
19
15
28
1
16
43
1
238
1
1
1
1
1
36
1
12
108
1
273
1
53
190
114
1
1
88
1
1
1
19
1
59
27
16
19
1
52
1
1
1
1
26
374
9
22
1
1
16
1
1
1
1
63
1
32
1
1
1
1
40
147
99
11
24
43
46
1
1
1
1
1
66
71
27
1
56
1
1
64
19
101
32
1
63
1
1
1
1
1
6
1
1
84
126
8
48
1
1
1
14
1
1
1
1
1
38
1
1
1
1
1
20
1
1
1
31
24
18
1
12
1
120
1
23
1
8
36
1
1
1
44
47
14
1
30
7
51
195
70
15
1
1
1
22
51
23
22
1
33
16
18
120
1
23
1
26
1
57
1
23
483
208
19
546
18
1
38
15
50
1
1
38
110
1
1
390
37
92
70
221
1
1
14
1
1
1
1
88
1
1
30
1
7
30
45
1
39
12
1
147
1
1
59
1
24
1
1
1
1
22
28
10
24
25
26
1
1
48
1
11
1
52
21
32
342
117
1
1
1
1
1
1
47
1
1
24
1
52
29
30
17
14
1
26
1
65
45
1
1
1
26
1
23
1
510
34
22
46
1
33
1
1
1
1
37
1
60
30
1
13
1
4
1
1
1
1
1
1
1
17
26
19
82
1
12
21
79
1
18
34
54
1
35
42
1
11
1
8
25
15
8
1
1
19
741
91
17
286
1
1
1
1
280
23
774
72
18
98
133
55
1
1
11
1
23
16
102
7
33
1
10
43
105
1
29
17
1
25
1
65
45
1
42
238
11
1
1
38
1
60
12
20
25
1
1
1
1
22
1
1
1
11
12
38
1
22
39
36
20
38
1
1
75
1
16
12
21
12
1
17
13
1
34
23
1
143
18
27
144
66
1
13
1
1
1
1
1
1
30
1
1
1
1
1
1
1
1
1
11
22
29
74
63
35
1
16
79
1
1
15
20
1
1
32
11
1
1
76
21
26
612
34
14
1
18
1
1
1
30
18
7
1
28
8
23
1
50
1
1
1
21
1
1
1
1
1
374
7
1
27
26
1
1
12
71
1
1
19
46
1
1
54
64
9
1
1
1
1
20
238
44
15
1
29
1
37
15
18
128
1
14
42
33
1
1
1
12
60
1
26
1
1
231
210
1
1
1
47
11
14
1
1
1
16
1
56
312
1
1
144
28
6
1
17
40
1
1
1
44
7
1
16
1
1
14
1
33
23
1
90
25
95
1
1
1
65
1
12
33
1
1
1
1
13
61
18
25
1
1
32
28
1
1
1
1
1
11
156
51
1
1
1
16
126
4
1
1
1
84
171
18
1
67
1
1
67
1
23
100
1
275
22
33
62
1
513
1
1
1
1
1
459
882
18
24
48
1
1
11
19
1
1
1
1
1
1
8
77
1
15
1
15
6
17
19
7
1
1
1
1
1
494
1
1
9
65
1
1
17
27
50
1
1
1
1
612
1
12
342
34
25
1
1
34
1
1
1
36
35
1
1
1
20
630
675
1
11
58
1
1
1
390
1
210
19
900
1
1
13
156
60
18
1
260
1
44
13
1
1
126
43
38
1
1
31
1
16
60
1
742
21
660
1
1
1
1
35
234
37
1
13
34
23
67
12
20
68
220
1
20
13
12
1
1
1
15
47
1
1
1
1
18
81
55
28
11
1
1
14
1
165
1
1
1
26
242
1
29
1
23
20
1
1
12
1
7
38
1
1
39
26
343
1
1
20
1
1
10
1
12
1
38
1
13
1
47
1
1
1
1
1
30
16
26
23
1
21
1
76
34
12
21
14
14
1
1
25
1
22
1
33
1
36
11
1
1
1
1
1
26
1
29
18
1
1
10
1
31
8
1
1
1
63
20
84
29
1
1
1
58
74
1
1
1
1
1
11
37
1
1
31
1
26
1
1
1
1
1
1
357
1
7
16
1
190
19
36
1
1
1
18
1
18
18
38
14
24
594
1
1
90
1
8
168
1
30
1
31
27
1
21
84
79
1
40
1
1
15
1
1
1
9
1
17
7
784
15
455
22
20
1
1
1
19
29
11
24
231
39
1
1
17
1
1
213
53
276
1
13
240
1
46
1
1
1
1
37
39
1
1
11
30
407
17
1
1
465
18
24
13
21
8
40
30
1
1
55
164
13
29
390
37
377
4
1
1
1
1
8
52
1
1
1
1
1
140
53
1
14
1
1
41
1
1
20
1
21
84
33
1
1
70
1
14
1
1
1
1
273
24
168
7
75
55
1
1
1
63
1
13
54
47
44
11
1
558
15
1
38
84
26
28
45
8
33
21
41
1
1
30
1
130
20
1
1
62
1
1
23
1
1
1
1
1
1
7
38
1
18
1
49
35
7
1
1
1
1
18
1
55
1
23
1
25
20
30
31
1
1
1
26
44
1
23
38
1
1
26
1
15
30
1
825
1
1
10
1
1
1
165
60
1
10
44
171
18
1
20
1
12
1
43
1
1
1
7
17
1
11
13
1
1
29
1
35
34
1
1
17
71
14
18
1
266
21
1
14
5
45
8
1
107
52
22
1
1
31
1
11
31
15
1
1
257
1
1
44
15
1
585
13
1
8
27
57
59
77
1
1
13
1
32
1
1
1
1
34
14
23
1
1
15
1
20
45
1
55
15
1
1
13
1
43
1
28
1
18
15
15
1
20
1
57
1
1
18
22
1
164
1
1
49
299
1
812
1
1
1
52
75
19
34
1
1
29
34
40
13
1
1
198
1
1
24
110
1
12
27
28
8
1
36
1
9
1
27
1
1
26
1
13
19
1
10
17
10
8
22
31
13
103
1
39
18
57
1
1
1
1
1
42
36
24
9
187
15
25
43
1
299
61
1
1
1
1
27
1
1
28
1
12
17
1
1
1
1
65
5
1
119
1
1
1
1
12
84
1
28
13
1
1
1
1
52
10
23
1
1
14
55
1
22
16
1
1
1
33
1
1
1
209
23
20
80
450
399
1
1
1
1
1
13
40
29
21
23
1
1
113
32
18
1
1
1
1
1
1
21
12
1
1
1
51
32
1
1
42
11
14
25
1
1
1
28
1
33
1
1
90
1
594
1
26
1
286
79
153
1
1
1
1
90
1
14
1
1
12
42
24
1
1
107
19
22
1
1
29
1
1
132
1
19
1
1
1
49
1
14
40
23
1
152
1
17
19
1
1
20
893
22
1
13
26
40
18
286
1
1
1
11
52
140
1
63
37
17
10
1
21
396
1
1
1
1
21
1
8
1
1
75
1
23
1
1
20
26
37
37
1
1
50
58
1
39
45
9
1
1
1
1
43
1
1
37
1
39
1
51
1
1
156
170
38
1
1
39
1
568
1
32
14
1
456
25
19
26
1
33
247
46
1
8
82
23
252
456
126
266
70
126
20
31
1
5
1
1
47
1
73
38
1
1
65
21
1
1
1
1
1
342
1
1
1
1
1
1
13
1
310
10
1
22
1
33
10
6
31
1
1
1
1
12
45
28
1
1
1
1
1
1
287
1
1
1
1
13
1
1
1
13
7
8
1
36
60
1
47
1
18
15
1
60
1
1
1
18
33
1
1
18
24
420
1
1
1
8
23
1
144
48
1
32
1
1
19
120
1
1
1
34
19
1
24
1
36
59
1
61
1
10
53
10
16
50
240
33
1
13
56
1
88
11
21
1
10
54
1
99
1
1
1
12
26
16
1
40
29
110
57
1
36
12
1
1
4
130
60
24
1
36
10
1
19
1
32
1
12
18
1
1
1
342
42
6
1
280
1
27
208
32
1
63
1
13
49
29
1
90
1
1
13
462
1
1
1
1
1
8
1
115
1
1
1
1
1
40
714
41
36
16
1
21
1
1
49
26
590
4
1
1
33
1
1
1
18
1
1
20
152
1
1
24
36
54
1
44
18
22
1
1
1
1
100
1
1
406
1
76
1
1
1
1
71
18
47
16
62
15
1
17
1
1
1
1
1
1
110
1
1
1
1
30
18
8
63
1
1
1
29
1
23
10
6
30
1
15
1
1
30
1
114
280
36
1
36
30
40
35
1
56
15
31
1
27
444
1
37
1
1
63
48
28
1
1
308
1
33
1
37
1
1
1
1
1
1
1
31
1
18
1
20
1
37
48
37
66
1
195
1
15
37
182
57
1
168
1
1
1
36
1
31
1
1
1
22
1
1
26
1
1
1
32
1
12
24
24
170
1
1
22
23
1
1
1
1
1
1
49
1
31
7
22
79
35
1
105
25
1
1
1
1
1
154
1
43
15
1
1
45
1
29
72
1
1
1
64
325
44
34
1
13
7
308
1
1
39
1
15
1
39
1
1
1
1
22
19
1
53
77
1
1
1
17
1
24
85
1
49
38
1
48
19
20
13
16
156
39
1
1
1
70
1
1
396
27
1
12
1
21
1
1
1
1
1
26
30
1
83
6
33
1
7
136
1
1
1
13
93
1
37
1
96
1
1
1
29
1
1
13
1
1
1
1
11
1
1
16
1
73
1
21
1
247
1
28
1
46
1
195
1
1
1
13
16
16
1
19
1
33
1
1
1
25
1
1
65
7
1
9
1
18
8
1
17
13
19
1
1
25
36
8
1
1
11
1
1
924
17
1
1
28
1
162
19
20
6
196
153
1
1
1
1
40
30
1
1
10
1
12
1
1
1
1
1
14
117
32
20
1
31
56
1
1
1
28
1
13
5
20
1
25
20
1
1
1
1
44
1
12
36
140
74
1
1
42
11
1
76
19
177
1
1
6
35
26
25
20
12
1
11
1
23
11
221
33
1
176
1
80
1
53
1
1
1
1
1
1
1
204
1
266
43
456
1
14
15
399
340
1
120
71
1
1
1
59
1
1
26
390
1
20
32
1
1
1
25
14
72
1
1
1
8
1
16
465
1
22
1
21
1
15
21
16
572
1
18
1
21
1
80
50
1
1
22
1
26
1
20
9
35
110
38
1
97
1
39
1
19
30
28
1
1
17
19
1
23
22
32
1
14
1
22
1
4
1
1
55
272
399
1
32
1
1
18
140
35
11
21
2
1
12
1
1
1
1
28
1
1
646
1
16
18
1
1
28
1
17
16
19
32
1
1
1
1
12
224
1
1
24
14
1
1
17
64
135
1
51
1
39
1
1
190
1
264
12
144
32
1
1
9
1
18
1
72
15
23
29
550
17
1
1
1
1
1
60
17
546
1
4
1
24
1
1
28
12
47
18
41
1
72
1
15
10
12
1
1
37
1
1
1
1
1
9
1
208
1
7
1
15
21
1
1
21
1
1
32
1
17
34
154
1
1
1
1
14
1
13
27
16
14
1
10
12
1
1
1
14
17
25
24
6
35
60
1
20
57
380
15
1
1
56
1
2
1
1
22
1
35
1
234
1
42
1
36
13
1
35
1
1
1
42
1
1
1
28
23
1
1
16
1
13
50
40
44
69
1
17
1
1
1
19
1
16
14
76
24
1
18
1
80
1
25
16
22
1
1
44
12
19
1
25
32
55
560
14
25
13
22
31
1
1
20
1
44
1
1
70
1
1
234
1
18
1
47
1
25
12
27
59
1
42
1
1
21
1
1
1
11
1
1
7
36
234
23
21
67
1
1
126
28
893
32
21
1
1
36
27
19
615
1
49
1
308
1
1
1
1
1
1
1
1
1
1
34
33
35
123
25
8
51
1
42
19
1
1
1
1
43
1
6
1
414
1
35
1
728
16
1
1
80
19
72
1
1
1
1
1
1
15
1
1
23
1
1
1
1
1
24
1
1
42
1
65
15
27
21
1
304
210
58
14
14
18
165
1
1
170
1
527
1
23
64
17
1
1
13
44
18
1
14
620
1
42
1
61
1
1
1
1
21
1
54
18
119
1
1
28
1
1
50
8
26
13
1
17
1
15
28
1
1
70
1
9
24
1
117
18
20
1
114
1
9
1
38
16
41
1
1
1
27
15
25
1
1
37
20
154
1
1
1
1
1
1
13
1
60
23
24
12
78
1
1
23
1
1
82
25
1
1
9
26
40
1
13
22
1
1
12
52
1
17
7
1
1
234
24
144
19
21
1
34
1
57
1
50
82
14
56
1
1
1
1
1
12
23
13
46
29
1
1
1
20
1
17
207
62
112
14
1
1
54
18
28
13
198
1
1
51
10
1
110
1
20
24
1
1
45
10
1
14
25
16
1
60
1
1
8
13
1
1
20
1
1
15
50
800
54
17
1
1
39
1
1
15
1
94
1
1
8
1
40
12
19
1
1
1
125
1
1
9
1
1
1
13
1
16
40
1
1
112
46
1
1
14
17
32
17
1
1
40
1
2
119
14
50
30
25
1
47
60
1
1
18
15
1
99
1
1
144
14
15
1
1
1
32
1
1
33
17
24
16
1
1
1
1
231
1
1
35
1
1
42
18
83
1
52
1
1
1
1
7
1
26
1
32
39
1
7
1
43
18
12
1
1
1
16
1
1
1
15
21
25
75
26
98
260
24
1
64
18
59
63
1
34
1
22
1
1
66
14
1
55
1
1
1
1
1
11
26
1
126
16
20
1
1
37
17
24
1
14
1
1
49
19
1
57
23
18
1
84
1
14
40
5
1
1
1
45
70
61
35
1
52
12
1
1
1
1
13
1
41
30
1
1
1
1
15
54
40
1
22
1
210
63
39
13
1
157
30
1
10
1
1
1
44
1
90
1
15
42
528
83
1
54
1
12
11
1
1
17
54
9
1
546
15
1
1
51
228
390
1
1
1
117
17
66
1
15
1
1
495
1
1
17
1
1
1
1
1
1
18
13
99
1
1
266
16
22
1
1
12
1
310
1
19
43
1
1
992
68
1
279
16
1
150
70
1
32
154
23
1
34
1
10
1
1
1
1
1
24
1
23
10
27
1
31
46
1
87
110
1
132
41
1
1
61
1
27
59
1
1
1
1
1
1
70
32
28
126
105
1
1
66
1
1
47
1
1
48
26
28
20
160
1
1
315
85
1
1
1
72
63
17
50
23
1
1
1
33
1
1
29
10
53
27
58
60
1
15
41
18
40
1
1
1
32
17
1
1
1
1
17
1
16
1
73
53
1
39
168
14
15
1
690
15
21
78
31
9
57
48
17
1
1
1
13
12
36
47
24
17
5
17
14
16
1
18
1
51
1
1
1
9
1
50
15
1
1
456
1
1
8
1
1
111
1
22
63
12
1
31
1
1
2
414
59
4
1
1
1
1
1
10
29
1
7
1
1
22
33
15
1
21
15
6
5
1
252
620
1
48
1
1
460
1
1
31
1
1
1
100
72
1
1
1
1
1
18
16
44
51
1
55
1
1
40
396
1
28
1
20
1
1
306
1
13
26
1
10
17
10
1
27
1
1
1
1
1
11
55
44
30
1
15
38
23
23
390
14
23
1
1
1
25
13
41
18
1
1
1
62
10
13
1
29
1
18
37
1
1
26
1
1
116
29
112
10
10
1
1
1
1
14
77
1
24
41
27
27
1
17
1
18
34
1
21
27
1
55
1
31
31
1
15
260
21
480
59
1
1
72
27
1
182
14
33
1
1
1
15
34
1
112
1
30
1
20
1
2
1
1
1
16
60
135
17
1
44
1
1
29
1
13
403
21
434
1
49
11
28
1
53
35
7
17
96
22
15
29
1
37
1
1
70
1
15
105
126
22
1
1
13
32
23
19
11
1
1
1
5
1
1
50
7
1
1
1
1
1
1
1
1
31
18
6
1
65
1
1
25
456
1
1
297
1
1
180
17
48
1
13
1
1
1
1
14
20
17
1
19
17
1
44
36
19
1
1
13
27
41
49
150
1
78
1
1
1
1
208
1
1
13
20
13
1
22
36
38
28
340
62
1
12
1
1
31
4
17
21
1
1
40
34
1
37
18
45
33
27
1
1
69
1
1
1
13
13
770
1
22
1
1
1
1
18
4
1
1
1
1
1
1
20
1
72
1
1
1
1
1
35
9
1
1
1
1
1
28
11
1
21
1
1
8
25
1
21
1
1
1
11
38
24
19
1
41
1
81
26
5
1
75
42
13
30
1
1
1
1
1
8
77
1
1
25
1
14
21
1
1
12
29
32
595
1
19
24
1
1
18
1
29
1
15
34
1
1
196
16
1
1
46
1
14
140
67
1
1
330
1
18
612
28
1
462
17
1
143
48
38
24
1
15
16
11
1
65
1
18
23
84
1
14
42
1
5
34
1
73
1
1
34
67
286
1
19
1
1
345
210
1
1
148
195
20
27
1
46
1
1
1
1
23
16
101
1
1
38
11
1
15
1
32
18
1
1
180
62
1
1
23
1
58
1
1
13
1
10
1
52
1
1
1
8
15
1
1
1
1
1
15
1
174
23
10
62
16
1
1
15
1
198
10
19
25
1
14
8
1
49
1
19
14
1
1
36
1
1
18
1
1
1
1
1
18
12
1
11
1
34
13
1
14
27
1
13
1
24
31
13
1
1
1
1
48
406
1
73
1
14
24
20
28
29
49
17
1
32
18
1
35
27
1
1
