transiente attrattore:
109
297
43
63
64
49
34
68
54
46
28
199
55
39
56
37
53
57
78
46
41
54
33
45
35
53
48
51
60
256
53
50
55
65
67
44
56
53
49
144
89
25
102
110
68
34
47
80
64
215
136
46
46
59
28
56
237
128
34
139
55
60
99
65
44
23
137
86
51
53
19
42
71
564
29
34
76
129
206
108
81
67
58
36
37
72
348
69
39
52
66
64
39
59
46
56
56
134
120
58
68
27
117
78
84
85
45
53
168
277
28
51
40
34
47
81
83
75
53
137
48
37
157
68
41
58
34
44
49
32
80
44
50
44
55
61
449
36
41
117
90
56
37
35
37
46
42
70
41
48
27
44
65
83
61
65
82
44
306
136
44
72
47
59
115
118
79
140
63
37
51
40
31
44
68
55
67
53
42
54
54
45
33
28
30
521
24
28
152
47
54
56
114
201
63
46
45
39
103
66
123
130
29
77
62
36
54
48
44
43
41
49
32
60
40
62
30
73
173
225
119
40
87
123
60
38
52
83
58
47
285
387
79
28
70
28
63
39
56
86
57
44
24
56
440
72
46
62
36
194
38
98
63
36
69
22
98
52
50
120
335
46
94
27
66
97
75
72
70
88
65
147
276
105
45
51
36
49
73
61
37
47
61
72
85
43
63
301
26
32
26
50
81
127
75
45
106
66
57
79
78
46
53
40
64
75
21
60
47
36
55
58
30
93
87
111
93
38
29
62
49
52
54
641
28
42
223
40
38
92
21
62
105
172
84
99
61
113
47
178
37
66
63
390
254
47
51
51
44
54
43
55
41
34
624
50
83
39
37
33
24
46
69
24
36
75
86
139
556
67
56
34
28
60
39
195
36
77
20
60
70
79
52
57
90
40
94
70
38
49
31
34
50
32
130
68
61
62
81
608
30
40
30
58
75
87
74
53
73
74
43
332
48
54
56
41
115
29
256
61
110
71
60
577
76
38
37
125
70
40
43
50
84
56
26
52
73
26
25
51
93
26
53
46
84
40
37
37
32
199
47
45
29
44
68
113
99
56
57
41
36
95
78
82
60
25
107
52
119
89
46
704
61
28
43
50
563
47
67
27
87
30
101
68
147
56
22
53
54
78
63
90
60
291
42
45
45
92
326
39
78
56
56
45
55
36
49
46
42
45
43
65
231
109
76
143
36
92
43
152
186
42
49
75
55
133
42
103
65
34
184
31
73
43
46
84
51
28
118
72
82
108
60
299
65
82
70
68
28
82
52
39
49
142
457
20
59
66
64
137
25
100
73
41
43
44
34
51
62
145
41
80
56
28
72
68
68
32
45
144
22
739
26
80
674
72
40
44
75
66
28
46
106
115
44
28
330
108
195
92
41
76
133
57
150
70
44
34
87
47
34
308
206
34
97
45
65
32
97
43
43
45
56
21
91
120
74
101
108
48
55
22
94
47
26
34
59
40
551
48
212
35
79
36
58
34
30
241
78
49
47
215
43
53
29
158
48
55
110
42
60
77
111
35
45
38
73
43
30
43
29
73
46
41
37
87
72
64
84
60
67
31
57
62
65
131
62
44
41
126
79
63
24
51
57
558
63
47
48
101
35
46
54
294
386
161
58
31
49
63
32
297
42
79
75
72
59
54
159
35
124
82
48
112
55
41
60
74
37
34
50
90
50
93
89
34
62
30
61
174
101
57
48
77
68
170
57
62
42
62
71
309
117
377
34
62
46
102
41
42
42
54
42
24
47
40
167
25
295
46
493
27
80
140
434
62
49
49
55
41
51
64
45
29
48
72
44
52
61
43
49
33
45
45
79
172
103
33
54
58
33
39
71
81
53
40
74
45
52
113
100
36
40
76
71
72
19
47
101
38
32
38
72
34
64
84
39
51
53
28
57
50
78
52
55
33
93
43
36
129
35
484
30
31
32
32
34
49
62
51
57
58
28
71
73
24
28
232
67
32
98
38
122
53
31
28
31
199
111
271
29
103
57
69
79
368
35
26
57
100
56
99
50
75
33
34
48
205
56
24
32
47
41
32
121
194
74
60
42
126
51
24
44
47
57
80
28
103
89
88
53
58
46
76
30
66
47
47
122
92
35
99
41
46
33
19
27
128
25
79
52
148
97
87
71
72
43
48
50
78
80
751
368
53
70
45
33
1018
64
56
47
55
82
79
62
30
66
34
45
26
74
34
68
50
245
65
40
28
50
73
66
53
132
50
63
63
41
63
50
46
34
48
221
61
40
34
50
98
59
51
87
35
37
70
114
186
227
36
75
106
32
471
191
85
58
163
74
87
62
65
32
66
39
47
27
31
44
53
43
36
70
71
114
93
80
49
235
89
71
52
594
61
61
67
32
39
875
84
114
83
124
39
49
91
51
43
112
72
90
88
58
110
83
43
99
42
44
66
138
77
66
63
54
83
52
79
33
57
91
307
92
60
104
25
109
71
144
57
65
68
68
33
141
40
31
66
62
60
35
37
27
36
69
71
67
54
80
20
36
59
58
94
287
69
30
27
62
59
70
37
37
48
28
29
34
42
52
76
38
49
63
19
66
64
72
59
148
28
104
64
38
54
37
70
201
32
78
190
78
69
53
69
63
43
68
59
51
53
36
38
61
88
73
35
31
38
45
18
51
61
36
97
36
94
59
48
61
41
83
41
31
57
54
400
304
883
77
67
41
74
44
59
65
61
46
76
71
40
37
20
42
71
67
40
85
115
157
147
57
40
54
93
123
70
45
76
31
78
43
78
67
263
26
34
82
31
28
73
46
37
47
73
48
62
56
27
78
102
57
75
76
33
75
57
48
38
39
182
37
63
79
60
40
59
54
33
41
44
85
79
44
57
135
64
126
97
34
68
49
53
50
87
41
48
47
82
124
49
46
61
38
25
30
30
57
72
81
66
52
118
37
63
50
34
43
64
30
47
830
56
48
199
59
54
75
43
39
131
83
48
86
68
34
180
218
108
99
144
35
99
62
54
56
30
32
64
63
42
30
39
81
49
39
76
29
62
272
25
24
28
112
88
40
328
259
133
70
103
68
148
50
46
43
39
225
108
68
39
32
97
54
27
694
52
62
35
83
45
34
34
60
49
76
46
46
34
61
22
82
70
116
74
38
74
56
54
34
85
29
98
37
41
108
89
66
69
53
185
49
55
35
148
55
37
63
50
106
36
64
557
91
73
32
48
259
59
84
402
32
35
50
38
71
67
69
36
374
25
55
43
92
69
105
45
83
35
72
42
71
38
45
74
33
71
144
41
90
107
67
47
39
164
57
32
41
50
32
36
59
76
109
61
105
59
178
480
76
40
47
45
48
34
46
88
71
31
51
62
51
67
117
162
21
206
45
50
151
43
44
26
88
39
90
50
65
92
40
81
61
65
140
45
100
98
118
162
123
83
110
81
30
77
107
66
75
72
54
30
82
39
59
677
128
46
58
26
95
60
52
334
45
43
51
98
73
43
265
51
49
53
139
21
53
95
82
55
61
72
24
26
24
110
34
59
41
55
47
31
61
394
69
58
42
38
27
69
79
69
68
51
42
57
168
84
39
45
35
72
34
59
78
667
31
36
68
402
62
65
81
43
60
70
62
99
340
88
77
63
50
28
54
86
59
70
384
68
53
114
28
64
52
30
94
504
38
133
57
110
80
67
44
29
57
67
68
51
62
45
173
61
43
54
33
64
25
34
47
45
60
41
45
41
41
38
58
39
78
47
66
89
28
85
44
227
49
34
106
43
334
60
66
36
66
71
41
68
70
52
70
62
43
75
35
50
38
48
76
49
78
57
52
22
57
45
95
58
58
25
75
60
54
55
32
44
52
87
76
51
34
42
66
71
148
787
78
52
50
44
162
111
71
31
61
26
69
79
65
61
64
30
43
114
33
46
51
44
120
36
86
46
17
125
54
73
73
51
54
108
31
29
112
192
24
41
38
57
63
160
46
545
41
57
57
58
46
193
30
35
44
41
23
25
243
67
415
41
443
81
32
44
67
44
56
122
36
49
91
25
58
44
59
56
93
160
25
288
78
46
40
56
46
97
67
48
32
385
38
50
66
88
30
81
36
36
57
61
88
58
66
86
67
23
50
23
22
67
48
24
70
62
50
27
65
46
24
48
55
21
43
105
63
71
445
44
40
47
29
53
92
50
22
58
75
41
43
41
48
72
26
69
198
56
48
134
50
36
22
38
104
46
93
70
48
55
49
72
44
61
145
37
24
45
47
72
108
55
48
66
55
78
33
91
37
31
51
25
247
81
65
33
62
24
40
53
160
47
58
39
32
134
94
43
58
91
58
36
48
30
210
97
56
74
29
18
58
31
112
23
53
41
20
39
48
53
47
41
27
347
31
61
56
23
63
91
143
455
56
67
40
43
79
251
79
408
36
45
79
64
62
495
56
39
34
50
116
54
73
36
55
93
103
162
91
27
74
73
56
84
60
22
39
44
52
76
28
69
39
40
45
40
47
165
47
42
41
35
37
53
360
31
50
751
199
34
465
59
74
69
54
50
46
25
45
33
50
34
83
44
952
164
70
107
60
50
42
44
71
143
76
28
213
59
502
42
709
69
66
70
179
58
163
22
55
41
117
23
43
61
90
61
64
62
44
31
46
43
50
36
32
38
41
82
82
56
77
25
53
58
65
61
58
119
81
54
59
30
36
84
44
219
58
49
39
62
35
67
59
96
46
32
74
227
47
64
53
35
62
94
32
82
57
48
84
38
53
93
48
38
47
238
65
28
215
68
56
64
29
26
90
46
34
53
70
86
79
55
47
51
42
97
95
34
33
39
76
46
34
62
94
559
956
33
213
270
44
95
44
54
61
80
66
51
105
693
47
47
51
78
220
622
50
55
65
59
48
38
28
45
29
59
57
56
106
44
33
47
39
61
60
53
83
34
346
30
39
43
58
39
65
108
52
98
108
485
22
27
86
54
77
17
41
79
81
35
85
36
81
237
30
31
64
61
45
71
31
29
103
65
28
68
56
192
69
32
167
91
193
105
36
95
46
48
151
52
39
66
604
72
98
378
82
38
100
43
54
52
84
62
82
31
64
36
61
57
92
55
71
47
62
156
132
59
55
33
51
343
49
91
56
184
62
278
25
31
53
117
69
41
59
44
31
85
119
208
79
59
53
63
96
58
35
64
59
35
66
229
131
374
79
67
68
42
132
15
135
67
45
55
40
33
47
54
761
43
52
489
42
33
55
205
49
163
163
47
42
41
37
65
79
33
70
60
87
80
62
88
38
99
43
45
56
29
57
102
67
54
33
53
154
38
38
70
44
58
81
33
85
50
40
77
43
138
38
42
33
52
55
67
35
39
55
70
144
38
44
118
34
43
29
97
43
27
55
79
64
29
92
28
52
63
67
59
30
41
22
38
79
912
85
57
271
47
18
50
35
57
55
91
60
124
189
27
32
71
644
77
78
83
511
128
469
37
102
100
27
52
57
46
55
36
131
60
33
84
36
393
101
38
129
86
21
47
55
58
50
22
59
112
588
50
38
77
61
120
127
67
474
87
246
42
34
65
118
45
66
40
121
70
64
87
82
103
31
72
22
48
73
44
53
28
49
38
37
31
51
36
83
64
82
36
259
44
79
47
35
96
45
57
29
33
37
40
103
172
41
223
63
51
232
65
45
105
42
63
38
61
261
30
28
231
40
55
33
29
85
924
14
25
70
46
25
49
46
57
64
49
131
92
46
42
105
50
56
22
75
47
134
81
28
40
92
44
42
56
71
89
70
47
83
71
45
46
39
63
60
501
143
44
64
22
88
48
48
44
152
82
51
73
42
60
45
66
51
109
27
62
81
45
47
45
125
56
252
70
89
71
49
66
49
65
170
383
62
40
85
26
53
50
40
69
38
31
33
61
140
49
63
57
162
57
45
56
72
107
58
72
58
33
55
56
91
38
57
92
22
82
28
39
85
48
758
304
39
57
666
35
64
128
439
24
81
76
27
36
29
48
53
32
58
53
34
27
114
56
85
48
54
76
48
69
37
40
185
43
39
27
54
37
58
47
146
70
119
39
78
83
91
92
34
148
102
133
36
30
69
35
71
31
32
44
28
23
46
233
42
53
40
77
40
56
92
111
274
31
66
38
83
48
58
133
56
41
35
35
49
52
78
71
65
50
29
32
24
103
85
42
50
119
575
108
74
69
36
26
51
33
110
84
38
322
37
23
125
52
98
61
56
78
91
34
477
62
63
112
61
35
47
41
40
43
124
87
58
73
117
36
60
38
28
60
91
87
160
108
29
63
62
38
31
95
37
122
73
104
64
41
36
54
47
90
32
54
68
53
51
53
57
29
526
28
267
28
149
24
35
81
192
50
107
42
34
45
480
47
62
31
39
66
38
70
60
226
52
134
25
81
39
71
70
70
33
21
43
66
55
40
63
511
51
156
45
249
68
260
56
303
65
38
55
68
63
258
360
128
61
60
18
34
40
87
43
77
70
60
408
39
110
154
127
68
70
30
78
40
33
267
129
88
48
92
52
60
45
46
46
67
174
44
54
34
669
176
51
37
136
47
82
31
55
39
41
68
113
43
41
34
37
82
95
68
95
61
45
62
102
267
53
137
32
40
53
29
43
355
47
167
61
169
36
50
63
40
60
225
51
91
27
65
49
70
41
103
58
40
57
297
71
71
66
27
153
184
325
53
32
34
61
45
57
51
35
24
243
104
47
407
27
32
35
53
111
43
86
48
48
24
93
43
148
59
65
136
151
35
40
93
50
69
74
62
57
92
82
39
100
52
91
85
64
56
32
74
87
56
55
36
207
66
78
34
29
32
48
133
24
57
62
35
36
26
74
37
69
22
38
99
38
45
56
47
36
79
58
63
62
88
32
77
51
64
51
49
566
29
73
224
46
87
40
47
374
69
40
99
35
58
114
26
45
91
59
49
32
27
44
34
26
28
42
39
46
41
48
64
42
30
36
77
69
86
66
49
108
100
77
77
33
30
377
55
46
39
128
89
42
34
69
37
455
39
57
41
99
34
51
63
122
36
60
80
78
31
41
67
28
516
188
66
200
33
49
52
62
78
58
217
68
41
33
51
64
36
65
41
55
67
87
255
46
569
77
60
52
44
21
41
38
46
54
40
930
23
52
41
69
98
67
81
93
125
59
57
79
34
51
267
63
53
147
81
68
68
58
36
70
36
50
262
54
52
57
112
52
84
39
147
220
120
116
387
70
64
40
35
43
44
93
42
50
29
47
40
71
31
41
34
68
273
41
573
72
39
68
49
59
37
69
61
626
36
39
56
35
20
28
58
403
45
59
40
25
52
50
52
52
76
41
55
66
87
105
48
23
77
77
37
90
73
59
61
35
35
86
37
136
35
31
26
82
27
97
62
66
70
142
50
44
834
89
52
55
65
62
25
66
59
74
49
32
31
45
24
62
32
61
132
309
51
85
66
39
82
59
77
34
38
35
68
46
45
76
70
296
54
35
59
90
61
30
139
176
119
50
42
41
75
67
55
71
42
90
48
58
58
124
86
68
60
36
53
62
88
287
65
37
45
58
52
41
274
26
45
25
946
92
58
44
62
64
31
33
59
65
71
29
357
44
36
134
19
45
36
45
60
81
149
39
59
55
37
32
31
57
24
66
89
59
52
37
686
49
33
21
83
53
60
137
97
60
38
58
368
31
358
97
28
120
38
62
57
78
24
33
77
39
65
66
51
53
23
58
39
74
47
40
59
29
101
50
103
54
35
61
668
80
93
42
65
68
31
53
130
44
39
56
86
69
57
49
121
87
176
57
46
62
411
39
62
30
36
48
55
126
50
66
55
110
51
41
37
94
62
51
31
32
51
57
75
39
26
168
46
46
21
201
243
46
101
128
62
13
81
43
855
75
31
28
61
55
31
38
76
54
127
29
149
32
54
35
139
81
58
49
46
72
61
57
180
230
36
43
57
43
33
69
121
63
43
40
78
50
54
97
754
123
63
38
86
25
38
74
85
78
63
236
31
131
25
41
63
36
119
148
24
39
41
60
38
40
453
63
921
88
38
48
74
306
57
25
42
59
63
46
23
140
38
42
43
178
31
87
33
199
52
38
172
69
31
39
29
47
53
65
60
86
58
44
23
59
81
139
312
30
58
49
55
38
66
41
48
301
46
94
47
29
515
51
91
31
42
45
54
176
64
66
70
118
35
56
44
97
35
158
28
35
34
70
37
101
47
49
50
76
51
39
41
63
75
104
31
46
222
61
40
23
54
75
46
64
39
77
53
20
63
26
54
57
62
36
55
56
178
33
42
60
89
231
29
58
143
80
465
54
83
48
93
126
29
76
242
32
40
23
158
118
75
40
129
46
48
38
66
367
41
152
49
56
33
253
79
43
186
118
50
69
276
93
33
28
61
85
203
57
35
115
25
33
33
46
52
163
62
595
31
58
45
50
126
31
45
80
44
57
42
36
39
39
83
32
55
48
46
72
52
60
40
37
80
456
246
47
218
46
980
59
35
29
38
51
70
27
75
41
44
82
30
66
26
43
33
87
234
74
30
55
37
145
65
53
61
61
97
112
239
32
42
36
55
87
35
41
89
60
519
95
33
99
93
48
135
465
76
65
50
33
77
77
47
51
62
104
62
384
90
124
70
216
119
41
63
108
67
44
40
112
61
54
28
71
34
358
53
78
262
57
33
22
62
47
45
39
43
165
46
86
27
78
53
85
21
37
44
46
106
68
172
44
690
47
28
31
62
66
192
43
43
56
95
52
61
36
59
81
101
150
38
87
162
107
66
75
139
144
107
34
137
96
69
45
28
53
61
84
36
110
26
31
44
44
58
35
46
550
56
409
43
83
56
45
30
66
62
43
71
27
55
380
614
30
26
29
71
150
32
142
70
52
34
42
164
349
178
45
42
52
37
53
76
46
45
45
106
55
37
24
102
48
27
57
32
50
36
58
104
194
54
80
33
38
55
35
27
82
336
241
87
84
66
40
52
29
42
42
33
219
36
21
51
83
31
78
164
84
69
284
44
164
53
33
50
66
61
36
86
64
112
52
36
26
44
258
59
46
318
60
35
21
54
45
56
55
81
66
35
31
32
52
50
102
75
124
54
89
29
49
38
39
44
43
67
100
40
24
51
41
56
38
58
25
38
90
45
49
319
49
51
55
31
36
23
249
43
39
37
44
108
59
27
33
46
25
76
36
54
56
70
56
47
57
116
40
84
53
509
38
54
62
55
52
72
35
97
31
53
68
64
77
99
56
64
103
61
46
42
75
50
77
63
462
533
116
77
35
68
44
56
37
614
30
54
47
51
38
73
84
35
65
33
34
76
35
28
69
49
62
51
45
49
105
33
77
44
32
143
47
78
51
62
117
214
84
23
74
37
55
52
46
59
54
58
31
33
33
555
81
37
344
40
24
31
140
29
135
22
100
45
283
44
38
79
44
169
34
396
39
144
26
56
97
74
31
51
110
46
104
40
36
55
88
77
46
80
46
56
50
63
65
74
29
318
35
47
74
26
63
149
32
34
53
54
41
40
37
199
31
78
57
55
51
347
235
93
192
44
75
405
92
59
34
70
47
132
64
68
37
59
41
74
76
47
60
71
29
193
99
68
63
87
53
46
51
42
85
25
142
225
167
39
605
38
65
356
131
61
37
39
44
96
90
21
33
38
67
57
49
59
61
42
71
38
61
77
95
39
168
37
57
34
356
106
93
26
163
34
39
34
44
53
76
93
45
140
119
52
54
54
53
61
117
40
72
66
50
53
58
77
273
33
51
28
49
56
411
49
29
62
39
57
82
30
96
34
66
43
28
43
39
44
186
30
96
80
77
85
76
615
68
61
81
36
134
96
33
73
20
38
27
47
129
34
59
613
106
180
34
109
29
69
37
46
176
57
47
42
48
64
57
365
39
80
93
93
64
72
45
48
37
38
26
527
67
619
58
92
284
38
43
56
53
66
48
29
59
74
56
93
18
51
31
114
46
75
108
23
39
186
53
70
55
83
36
52
64
47
27
55
67
156
27
203
55
75
39
73
51
50
56
37
63
34
73
40
102
24
170
58
41
72
79
39
931
75
97
55
39
78
62
103
56
165
39
122
31
32
46
904
47
32
57
102
40
69
80
32
37
56
125
71
57
57
60
58
116
50
58
38
31
40
102
50
37
52
56
40
83
51
86
27
96
110
60
58
48
40
66
51
161
62
49
73
164
102
63
44
82
34
58
60
58
187
56
55
53
36
91
78
248
50
26
43
30
25
74
38
79
38
27
50
64
76
38
59
44
53
44
60
475
84
22
63
47
103
44
41
46
29
294
63
71
19
53
58
23
28
1244
61
128
65
84
74
37
44
68
474
45
50
122
37
69
80
56
47
80
60
235
117
74
226
45
88
86
28
53
43
95
61
73
53
110
51
104
55
46
47
24
34
87
141
34
65
86
27
65
29
50
313
34
67
62
45
61
70
35
53
80
76
55
81
53
33
44
90
69
142
191
513
102
49
30
110
52
51
64
33
40
210
69
31
157
47
53
63
80
75
46
46
82
64
22
71
45
37
59
273
109
52
108
47
65
103
72
559
65
56
88
34
54
59
46
52
130
45
99
34
67
70
72
73
55
26
37
65
60
52
133
18
46
80
48
60
26
40
32
50
50
75
33
79
41
56
56
28
796
65
36
29
47
46
30
37
90
76
32
33
37
50
187
52
65
46
35
78
123
40
36
50
24
47
35
64
93
43
43
50
53
65
54
41
33
42
35
187
204
291
31
216
59
33
720
43
36
145
49
34
113
97
29
293
49
90
276
102
41
33
162
57
49
176
74
44
33
45
74
27
50
46
49
27
94
49
114
33
451
85
92
45
43
59
49
76
42
64
47
284
44
30
34
45
197
34
53
69
40
38
42
77
83
31
59
108
104
36
69
35
40
34
27
41
82
52
155
134
242
41
62
35
29
1309
64
31
68
38
34
46
64
52
38
56
76
48
90
81
45
62
118
67
75
62
32
31
99
26
59
47
49
45
40
36
62
64
57
99
60
47
40
85
61
104
36
64
53
37
57
61
135
451
38
52
46
54
169
92
71
39
53
98
82
69
31
60
48
59
63
68
37
61
47
47
28
57
54
90
47
56
148
69
28
189
80
36
132
114
37
43
300
63
27
64
42
45
139
75
98
79
428
59
75
43
52
123
48
105
32
43
61
42
31
49
31
46
97
64
37
73
68
41
45
59
40
65
198
183
44
58
63
61
36
50
68
32
98
522
21
45
34
66
76
64
97
35
52
45
66
231
24
65
53
173
101
83
34
39
577
44
121
387
73
81
88
87
39
55
79
49
84
69
58
93
28
68
24
31
42
1021
66
45
54
217
113
43
70
69
33
203
65
27
869
71
53
53
111
24
62
55
93
33
48
58
222
104
128
33
42
68
57
43
74
61
31
34
29
61
72
48
55
57
30
50
20
47
18
41
46
31
34
33
41
20
44
53
51
52
106
159
121
42
269
97
44
44
48
63
49
377
110
47
85
78
87
63
81
78
46
50
42
118
46
59
43
37
87
66
59
49
54
53
33
70
110
69
40
76
36
81
35
74
38
440
42
144
70
53
54
42
96
45
52
289
28
83
102
45
88
31
26
48
261
24
50
43
18
90
82
46
270
99
56
45
244
57
45
88
54
28
36
28
19
48
34
883
59
81
94
50
47
27
50
75
55
62
29
53
52
79
56
55
75
72
92
68
41
64
56
48
67
48
39
88
497
27
36
86
39
71
50
75
79
36
40
113
17
54
100
135
40
73
497
63
59
22
40
320
74
31
29
661
83
43
86
34
56
41
22
83
86
29
54
106
29
48
65
164
81
60
27
76
57
51
57
63
39
55
42
36
38
185
61
128
31
31
38
71
104
97
60
544
23
40
30
18
40
63
25
37
76
71
58
29
38
62
50
43
100
85
84
107
48
126
64
45
392
346
57
46
69
20
63
22
35
58
46
89
81
33
51
940
48
40
39
96
39
66
33
55
180
40
966
55
87
30
42
53
41
17
54
47
19
79
73
57
234
57
78
93
49
77
36
306
43
70
27
57
29
92
41
77
65
40
78
24
40
92
70
61
58
48
93
72
30
28
30
42
45
70
127
111
38
44
49
56
85
24
65
54
93
52
57
164
81
30
57
32
261
42
46
127
65
84
172
42
80
630
38
346
157
52
49
58
45
64
65
28
20
64
59
129
34
68
282
90
91
44
63
74
54
55
89
49
59
47
47
32
34
50
437
152
57
44
84
81
116
46
157
59
56
232
74
473
33
39
40
73
58
118
24
537
36
100
70
32
56
55
80
30
288
157
71
72
92
38
53
50
401
74
60
30
48
49
124
91
35
97
38
29
61
44
41
69
107
36
46
43
46
31
30
54
114
58
29
63
115
226
67
182
123
59
67
65
64
36
84
39
39
29
43
63
56
27
31
49
652
52
31
34
37
116
35
353
25
29
24
45
614
77
76
51
60
60
841
29
59
49
105
40
94
27
40
96
32
100
48
20
85
69
188
80
57
322
73
67
111
28
1009
53
100
33
16
31
682
629
49
28
147
33
61
40
64
46
52
21
51
59
14
29
111
307
56
54
73
36
41
36
62
44
35
94
86
42
50
42
91
52
37
71
101
71
38
93
42
20
30
32
97
45
39
41
73
55
64
69
40
120
421
78
46
238
122
65
32
662
113
100
56
35
78
67
54
95
102
621
31
61
107
71
63
64
28
213
50
43
994
47
89
41
54
75
23
47
51
79
49
233
54
67
246
136
347
36
65
57
59
87
21
64
53
126
53
69
41
73
90
112
48
241
87
31
41
56
61
37
59
45
76
64
69
45
74
45
42
58
91
48
49
41
56
43
26
47
89
57
186
113
136
209
69
116
293
27
61
25
56
51
77
50
368
34
93
43
25
33
69
46
75
58
28
128
43
34
70
50
75
68
53
42
116
55
86
81
51
27
42
23
41
106
146
28
34
44
146
79
67
69
108
93
38
65
67
361
29
43
55
64
65
53
75
58
96
75
59
40
140
82
207
65
22
35
104
73
175
44
74
19
94
106
323
51
45
39
71
37
49
72
170
35
75
231
40
65
431
54
96
175
153
76
109
46
53
100
92
128
65
38
53
26
130
144
109
51
43
62
49
38
31
72
39
71
77
48
28
32
39
289
38
376
74
188
59
58
81
82
35
38
39
129
122
45
70
394
81
48
64
61
56
31
94
44
30
43
54
25
80
55
55
54
43
95
37
61
58
76
93
20
44
42
380
57
75
59
66
52
52
40
83
23
42
58
101
134
43
51
55
41
46
223
32
40
61
70
33
88
28
70
85
144
160
64
23
62
49
25
117
428
41
51
58
41
65
55
45
95
75
46
27
42
73
30
45
98
29
56
401
70
127
67
49
58
68
41
68
36
39
28
44
56
38
46
845
65
36
110
61
49
43
39
22
36
39
92
195
46
23
82
49
64
39
42
31
58
53
64
69
42
25
69
147
141
35
278
86
57
107
50
78
119
91
85
161
48
53
80
66
83
58
29
69
54
73
23
51
22
87
50
111
172
100
39
47
43
107
53
32
38
30
83
49
44
99
58
51
48
30
84
59
75
28
36
39
20
286
112
31
238
67
81
25
66
26
99
71
51
64
56
50
55
65
33
79
49
63
70
168
72
44
43
66
51
30
45
81
115
35
55
90
53
77
55
46
56
33
40
40
39
38
49
91
53
38
36
41
77
29
53
49
51
58
45
41
27
52
64
48
40
62
35
37
70
71
43
114
33
54
23
310
89
365
74
28
124
32
58
69
78
32
59
112
22
36
40
79
459
207
35
43
34
72
86
140
70
61
64
32
39
61
84
80
73
76
58
63
59
49
92
539
23
48
78
38
60
66
55
48
95
1240
282
34
40
29
69
64
31
45
78
94
736
525
55
76
46
68
66
51
36
120
113
35
52
42
54
49
55
114
95
47
128
33
42
92
54
98
49
66
58
84
45
63
130
21
268
36
56
53
27
79
81
54
49
168
36
310
37
98
229
366
34
42
199
41
43
45
72
30
755
75
42
72
37
181
31
64
34
26
87
422
34
69
80
59
69
61
58
38
40
99
41
105
30
50
28
49
70
313
121
71
89
134
86
36
25
32
28
52
164
108
57
30
86
145
40
106
77
138
91
27
86
42
21
26
28
26
60
74
80
168
170
38
99
40
48
57
70
60
72
62
55
44
93
40
72
50
29
36
48
30
178
25
88
115
81
41
50
54
230
27
53
54
45
78
70
24
33
109
95
56
63
99
46
78
245
105
56
51
25
49
65
137
49
85
23
63
46
103
198
56
65
25
64
46
87
63
68
534
242
72
677
68
51
70
77
190
29
26
78
150
121
29
416
59
135
111
256
38
55
44
46
43
66
48
125
35
36
66
51
35
105
71
55
85
52
49
321
36
31
112
82
73
50
24
47
30
84
82
42
77
64
59
50
39
88
59
35
55
123
86
109
397
161
30
30
55
53
72
79
175
55
29
52
27
99
66
68
61
53
83
70
25
96
104
45
23
26
69
25
63
64
535
129
61
78
55
73
32
15
41
67
59
22
99
105
46
61
29
53
29
35
60
57
79
26
57
92
81
95
163
39
72
84
145
45
55
69
96
30
66
192
65
70
46
44
96
51
31
29
45
95
788
119
62
330
32
61
52
46
497
54
836
134
80
211
285
86
40
56
42
38
89
66
139
63
74
61
64
152
164
32
87
81
58
153
30
96
97
38
87
288
47
25
40
87
19
220
49
58
57
19
49
62
56
65
33
66
39
48
35
262
26
62
89
75
85
98
38
29
96
75
44
82
57
31
59
46
41
54
88
375
47
190
65
77
250
109
49
55
84
46
38
35
22
45
68
65
32
45
48
25
42
50
24
37
44
47
73
107
142
77
52
59
129
39
53
41
58
76
54
60
52
38
37
120
66
98
638
63
95
54
62
40
29
47
69
49
36
138
68
61
74
92
136
49
40
33
59
28
35
48
23
49
461
32
42
65
57
61
103
43
115
49
54
68
91
38
74
81
277
134
31
29
57
53
81
269
80
106
31
60
32
71
42
40
221
81
46
86
87
36
25
46
82
121
44
57
37
53
270
247
80
48
37
120
82
51
79
84
29
50
59
98
342
40
65
168
60
87
33
43
104
44
57
30
107
43
123
86
37
43
99
54
73
58
48
129
241
120
53
52
34
114
26
39
62
48
68
57
44
55
119
53
63
34
37
64
49
46
54
48
28
40
104
201
123
24
65
36
59
156
56
37
49
36
155
243
55
33
125
52
55
113
41
139
213
41
304
77
63
105
30
610
54
40
58
52
45
503
899
40
73
65
44
41
80
39
46
58
36
49
79
61
51
110
21
49
52
45
49
67
87
39
43
29
35
60
36
575
76
39
60
121
50
48
100
155
92
50
63
44
36
639
34
38
371
87
61
25
54
78
24
52
37
63
57
67
20
43
46
663
695
43
40
86
39
58
55
410
45
253
59
949
27
32
50
205
126
65
33
305
44
66
36
60
93
159
81
68
57
47
79
44
51
109
90
787
67
695
39
35
67
58
86
256
71
24
53
86
97
117
41
78
104
258
54
52
100
54
32
64
50
62
88
127
22
32
155
78
106
88
72
39
36
88
45
29
223
56
30
37
65
591
32
61
74
69
69
58
30
38
37
37
60
56
66
105
74
528
33
39
45
23
55
61
25
45
60
87
44
60
43
92
46
48
33
33
29
62
42
73
45
177
69
84
127
75
45
63
48
64
22
42
78
81
81
68
87
69
90
41
43
101
63
36
68
66
50
62
44
68
35
43
41
62
25
24
44
28
144
87
127
78
51
47
40
88
132
38
32
30
34
37
44
241
42
35
83
86
91
27
38
41
35
50
36
382
52
32
99
41
218
48
76
56
25
31
54
58
51
72
112
38
117
625
42
32
144
47
37
197
39
70
52
66
72
47
69
128
104
30
78
25
16
50
36
64
41
54
68
105
38
883
43
477
84
108
40
48
42
62
67
58
57
302
93
46
50
53
58
25
276
143
341
30
77
274
80
77
43
28
47
36
71
73
22
43
70
106
444
74
27
73
534
79
68
66
57
35
86
95
50
52
179
227
71
56
437
79
415
34
50
61
55
70
42
168
48
35
57
33
32
246
90
47
52
65
28
93
63
44
54
39
59
110
70
85
41
109
41
53
50
59
38
41
319
62
226
65
111
92
80
22
60
86
60
47
129
97
104
50
36
582
46
38
81
529
74
63
64
51
61
55
93
90
42
96
63
166
46
46
29
101
55
44
92
42
30
25
48
44
30
33
85
26
60
59
98
69
42
48
48
43
43
66
43
160
42
71
99
64
62
68
74
53
39
33
147
204
31
55
120
42
109
76
27
53
47
28
974
51
61
47
76
49
44
207
151
33
74
82
480
46
64
85
31
67
25
70
32
51
33
73
61
32
76
82
41
20
54
63
73
74
56
32
54
145
62
127
56
299
84
52
61
131
86
65
35
236
135
50
31
43
64
36
77
101
80
33
50
450
41
58
102
66
48
624
52
71
37
105
80
93
293
57
62
62
55
74
28
41
58
72
80
61
54
34
32
58
41
40
115
143
94
74
52
52
73
37
80
37
87
40
53
53
48
61
64
50
113
68
29
54
63
41
344
60
49
98
333
39
856
49
56
65
89
186
65
70
52
30
71
75
83
43
23
71
273
67
38
75
151
43
37
60
61
35
140
78
29
55
23
51
28
26
54
76
39
64
44
57
68
47
48
48
57
75
140
27
85
86
96
50
27
46
41
37
93
86
50
47
250
54
71
64
48
342
124
37
23
39
41
160
47
37
73
49
57
67
32
45
32
28
105
53
31
173
37
22
49
126
35
157
32
73
40
45
82
70
23
84
82
82
58
49
40
119
77
101
54
42
49
42
85
55
28
103
231
65
59
113
483
429
22
28
49
35
37
46
78
81
78
55
29
37
151
92
79
46
37
46
36
25
45
84
41
51
47
35
102
99
52
42
71
43
55
50
32
30
29
57
75
70
54
29
141
48
648
29
62
29
310
123
195
35
39
29
49
171
33
47
86
65
64
70
61
71
39
168
54
74
41
40
80
53
31
157
53
36
54
101
28
107
31
61
93
57
34
384
35
88
62
36
64
61
939
61
33
42
51
109
50
313
44
35
41
53
92
186
55
167
73
51
40
23
48
425
59
36
68
39
104
45
99
33
36
103
27
64
59
37
66
100
73
80
64
44
89
90
54
80
92
54
39
62
57
59
68
51
37
81
37
91
60
103
128
83
213
214
82
60
37
67
35
603
50
101
69
41
483
72
44
56
39
96
279
95
46
60
217
53
298
514
153
322
120
193
50
72
48
56
21
38
160
36
98
110
21
49
111
103
40
33
47
25
51
392
45
45
57
56
33
36
78
212
345
48
46
71
42
178
74
47
203
48
37
30
42
42
103
64
64
54
23
56
32
36
345
32
79
51
36
75
60
30
40
31
60
56
49
75
136
23
78
40
38
64
46
120
39
61
38
44
90
75
51
59
56
462
36
25
36
33
102
108
263
128
32
77
58
40
63
158
40
31
48
74
68
27
60
33
67
82
44
109
19
42
86
71
45
87
286
62
53
47
93
73
206
67
56
58
49
119
29
168
47
32
62
47
99
35
48
67
101
199
117
51
110
56
29
37
72
165
97
61
36
94
31
21
41
35
70
30
54
41
46
60
46
377
60
38
26
303
31
62
252
94
50
110
64
53
102
62
50
122
42
71
51
505
47
40
30
31
37
60
45
249
93
49
53
72
63
59
749
134
65
83
42
65
36
62
137
109
631
45
42
65
87
41
54
70
47
25
57
75
189
36
73
58
72
86
74
73
156
84
38
73
53
32
124
50
78
450
56
106
48
55
42
65
107
54
83
73
143
58
66
49
76
38
52
69
32
64
183
57
55
42
30
122
81
31
139
53
63
27
71
124
86
43
66
57
48
61
26
30
75
21
471
329
94
40
114
71
93
81
45
98
73
79
32
64
491
27
73
45
35
192
86
63
49
33
353
26
74
75
72
69
53
44
42
26
36
33
86
139
78
29
58
38
79
94
63
132
40
219
38
51
56
208
92
44
194
29
47
54
84
21
64
51
31
57
73
52
43
52
51
32
27
86
30
39
57
60
201
20
62
77
64
33
138
31
80
72
33
102
31
69
57
120
195
64
27
136
63
46
36
24
58
37
184
22
76
57
37
65
236
39
62
120
26
30
43
94
364
63
59
45
43
61
341
44
73
73
50
54
76
90
43
33
38
54
55
45
43
94
111
68
46
63
56
45
74
195
42
72
85
24
166
50
131
44
52
258
61
21
48
43
95
50
44
424
63
52
57
136
114
56
38
32
64
42
54
140
71
117
55
69
53
38
220
33
47
35
59
125
29
71
26
150
43
28
35
69
47
32
44
68
30
44
26
70
40
29
58
59
173
64
44
48
283
30
58
26
94
34
257
31
38
50
45
453
44
49
123
37
53
80
91
49
65
30
50
106
34
49
45
74
96
42
67
76
44
102
29
27
60
77
44
28
65
36
80
37
956
73
45
48
97
56
190
50
128
35
226
199
50
51
62
33
82
73
50
65
43
31
68
24
46
40
19
63
52
164
71
83
41
69
135
44
48
28
51
47
37
44
71
53
78
74
27
53
27
49
73
29
47
73
222
112
48
66
73
38
28
96
61
300
41
38
24
112
43
74
77
76
35
57
55
63
33
245
154
35
205
29
181
43
95
36
47
45
33
38
45
43
248
58
312
72
491
59
72
58
430
382
45
189
149
34
42
55
118
39
67
58
425
47
88
71
40
67
39
57
60
118
33
37
30
42
41
67
508
28
90
33
113
43
68
59
45
640
54
56
55
55
56
127
77
47
63
62
35
51
45
66
52
95
152
73
31
144
25
70
41
67
100
98
62
40
69
65
45
55
72
68
22
53
48
77
52
71
47
60
75
303
431
69
117
84
46
48
170
55
42
108
53
39
49
52
80
57
86
51
48
43
685
42
40
97
43
35
105
47
41
88
79
70
27
68
53
56
50
261
35
91
76
56
38
22
49
111
189
39
92
33
87
44
34
220
34
302
64
187
74
42
45
58
27
55
31
107
54
49
59
587
47
23
35
47
55
27
108
90
601
28
40
76
70
49
79
247
49
80
69
60
46
127
30
35
37
46
23
27
91
86
34
38
33
36
40
36
227
61
82
51
47
75
32
45
64
45
55
93
42
52
75
204
53
36
35
46
50
58
34
73
63
50
69
41
45
34
46
36
84
62
61
105
38
66
120
56
111
89
411
41
29
41
117
78
51
79
36
67
40
57
53
256
36
66
43
91
49
84
80
21
71
39
112
36
42
41
69
62
47
21
59
31
51
152
79
71
103
34
55
73
52
26
43
31
43
45
144
62
39
49
52
131
59
60
57
42
81
49
130
68
62
79
60
119
171
589
41
61
63
72
55
59
37
53
39
80
26
58
133
15
50
341
28
44
27
73
27
82
65
69
170
33
75
46
34
72
31
53
47
41
27
69
42
85
257
69
64
207
39
48
174
65
950
71
55
61
36
66
100
100
665
45
98
34
330
35
16
33
38
30
88
40
37
48
69
84
68
78
212
93
43
75
64
76
50
48
32
48
36
88
40
44
69
434
54
58
35
776
39
50
53
127
94
179
64
80
48
34
33
62
121
53
92
58
43
47
44
39
68
1215
54
34
66
26
175
56
47
82
68
341
245
86
46
65
45
212
38
34
191
64
569
52
51
139
66
74
60
31
74
93
51
55
651
57
85
29
111
66
51
124
36
52
51
89
49
262
99
42
87
42
42
142
63
57
43
35
57
61
72
75
14
42
106
35
69
73
133
165
58
44
92
210
54
51
48
82
60
84
69
59
60
102
47
80
50
71
102
44
181
34
57
31
77
60
35
72
26
103
49
121
45
159
42
51
45
61
31
165
76
33
17
52
75
106
38
52
52
43
55
49
92
42
46
46
26
34
284
63
194
61
66
32
99
25
95
41
81
121
69
94
56
35
50
59
35
70
148
57
68
97
35
35
50
51
67
48
247
115
142
50
57
80
96
55
170
56
239
27
75
86
67
32
151
51
71
88
25
49
88
49
31
48
55
52
42
90
60
102
91
40
68
36
57
47
63
30
100
833
110
40
37
34
76
48
36
54
43
132
52
94
41
62
69
42
48
64
27
45
171
39
47
65
88
92
43
56
62
50
71
59
36
137
86
67
70
52
68
61
47
65
42
82
71
37
158
66
338
114
68
69
155
96
102
32
92
78
33
140
69
51
210
92
87
48
43
27
87
22
248
82
77
57
36
34
34
51
20
272
42
70
116
46
42
106
47
183
33
100
46
71
69
53
58
61
75
54
86
69
53
49
45
113
47
83
63
26
23
41
40
38
44
63
90
46
120
67
141
308
59
36
219
57
124
100
70
104
67
56
37
27
129
58
32
81
37
55
65
47
27
41
52
28
205
74
69
42
25
64
74
48
57
84
52
20
85
68
50
127
72
75
32
128
79
65
70
46
21
65
53
116
116
120
81
41
149
84
38
95
91
30
64
40
80
56
40
82
27
58
59
117
86
47
90
45
244
109
78
34
24
190
64
32
42
42
61
33
105
124
149
39
51
91
573
115
50
90
26
174
38
53
32
52
95
39
36
566
75
42
28
113
251
445
97
47
36
183
74
208
42
30
72
132
539
50
27
58
47
26
51
54
51
56
64
68
155
35
35
298
52
52
44
73
58
50
330
28
71
116
36
29
1009
115
33
320
57
48
187
102
32
55
181
53
48
59
42
87
50
76
79
52
51
81
38
47
46
56
48
77
66
29
135
149
37
154
74
51
39
125
55
60
106
44
51
25
41
73
50
139
76
72
182
172
33
51
112
38
28
193
43
89
75
109
67
46
324
35
30
357
116
38
38
37
125
107
45
103
51
41
49
49
62
37
46
76
207
104
67
91
93
73
61
78
59
66
62
55
48
97
40
36
61
53
52
91
40
82
37
137
79
39
80
202
41
58
69
726
40
42
114
79
27
97
159
52
90
45
21
55
61
100
93
57
53
44
67
88
61
35
56
73
106
28
34
49
47
36
179
45
36
42
481
44
49
44
39
79
130
63
59
151
64
36
117
50
47
31
454
92
41
37
77
43
23
22
73
56
76
55
32
25
69
85
92
36
79
36
38
43
41
293
658
23
84
42
22
505
38
64
79
40
40
38
145
95
35
38
74
42
39
49
71
108
109
62
73
31
35
75
429
26
51
33
49
26
50
341
32
48
76
35
48
61
55
98
54
29
35
77
25
46
49
74
99
69
29
43
59
71
72
484
58
71
34
36
37
56
56
76
52
45
27
23
142
60
55
47
109
33
45
75
52
30
73
71
41
161
60
164
42
42
46
29
46
47
62
102
45
62
91
69
72
60
39
72
89
104
44
45
66
56
133
34
69
65
31
45
310
60
512
118
42
28
107
81
72
253
71
70
58
43
31
69
83
35
236
34
72
28
69
51
40
58
73
42
44
95
200
41
63
131
64
34
108
51
60
438
62
474
112
92
68
70
34
247
75
21
43
120
85
62
78
57
83
69
44
120
46
121
142
149
120
30
40
69
102
78
74
63
14
31
49
65
19
51
95
65
50
47
33
32
31
44
73
29
69
58
56
37
106
31
22
131
556
35
54
403
37
51
232
66
85
33
56
31
32
67
32
48
164
88
23
110
63
58
77
69
97
47
39
44
51
87
175
171
101
171
55
42
62
52
240
49
44
60
79
53
34
73
91
92
64
380
84
46
72
39
30
68
21
57
87
44
30
83
170
57
109
83
82
78
56
83
60
116
55
37
65
57
36
811
35
73
46
27
45
85
50
62
51
30
84
423
42
32
50
65
124
65
32
29
36
54
103
53
38
34
42
46
36
59
63
68
81
61
42
52
68
62
128
39
36
47
43
71
59
54
23
66
46
109
50
35
46
811
86
67
60
44
35
33
17
32
42
152
54
19
66
30
43
43
32
71
76
51
67
620
62
74
59
67
35
61
36
98
32
55
89
61
57
278
50
119
21
87
45
57
190
114
28
31
365
57
48
648
73
30
493
44
87
225
136
63
55
60
55
89
44
22
93
58
54
57
113
56
78
111
26
45
98
27
125
63
78
110
90
363
56
55
75
66
468
225
49
38
199
208
77
133
48
76
64
41
31
13
59
40
121
78
36
84
46
99
69
44
57
64
29
69
238
115
31
55
63
29
105
75
32
33
46
61
38
88
41
55
29
28
42
36
23
52
53
44
47
41
200
66
56
161
66
31
102
61
45
240
34
65
56
56
42
51
27
96
79
91
56
44
75
82
41
65
45
30
34
40
41
30
60
33
32
59
58
80
47
23
71
56
32
50
41
83
85
63
45
38
26
40
73
442
38
277
53
42
83
43
80
63
80
46
78
108
43
25
68
52
36
44
