il numero dei nodi e':100
le condizioni iniziali sono:100
0 1 0 1 1 1 0 0 0 0 1 0 0 1 0 0 1 0 1 0 0 0 0 0 1 1 1 1 0 1 1 1 0 1 1 0 0 1 1 0 1 0 1 1 0 1 1 1 0 0 0 1 1 0 1 1 1 0 0 1 1 0 1 0 1 1 1 1 0 1 0 0 1 0 1 1 1 1 0 1 1 1 1 0 1 1 1 1 0 1 1 1 1 1 1 0 0 1 1 0 	0 64 0 64 64 64 0 0 0 0 64 0 0 64 0 0 64 0 64 0 0 0 0 0 64 64 64 64 0 64 64 64 0 64 64 0 0 64 64 0 64 0 64 64 0 64 64 64 0 0 0 64 64 0 64 64 64 0 0 64 64 0 64 0 64 64 64 64 0 64 0 0 64 0 64 64 64 64 0 64 64 64 64 0 64 64 64 64 0 64 64 64 64 64 64 0 0 64 64 0 	195	536
-1 -1 -1 -1 -1 -1 -1 -1 -1 -1 -1 -1 -1 -1 -1 -1 -1 -1 -1 -1 -1 -1 -1 -1 -1 -1 -1 -1 -1 -1 -1 -1 -1 -1 -1 -1 -1 -1 -1 -1 -1 -1 -1 -1 -1 -1 -1 -1 -1 -1 -1 -1 -1 -1 -1 -1 -1 -1 -1 -1 -1 -1 -1 -1 -1 -1 -1 -1 -1 -1 -1 -1 -1 -1 -1 -1 -1 -1 -1 -1 -1 -1 -1 -1 -1 -1 -1 -1 -1 -1 -1 -1 -1 -1 -1 -1 -1 -1 -1 -1 	0	1001
0 1 0 1 1 1 0 0 0 0 0 0 1 1 0 0 1 0 1 0 1 0 0 0 1 1 1 0 0 1 1 1 0 1 1 0 0 1 1 0 1 0 0 1 0 1 1 1 0 0 1 1 1 0 1 1 1 0 0 1 1 0 1 1 1 0 1 1 0 1 0 0 1 0 1 1 0 1 0 1 0 1 1 0 1 0 1 1 1 1 1 1 0 1 0 0 0 1 1 0 	0 64 0 64 64 64 0 0 0 0 0 0 64 64 0 0 64 0 64 0 64 0 0 0 64 64 64 0 0 64 64 64 0 64 64 0 0 64 64 0 64 0 0 64 0 64 64 64 0 0 64 64 64 0 64 64 64 0 0 64 64 0 64 64 64 0 64 64 0 64 0 0 64 0 64 64 0 64 0 64 0 64 64 0 64 0 64 64 64 64 64 64 0 64 0 0 0 64 64 0 	195	454
0 1 0 1 1 1 0 0 0 0 1 0 0 1 0 0 1 0 1 0 0 0 0 0 1 1 1 1 0 1 1 1 0 1 1 0 0 1 1 0 1 0 1 1 0 1 1 1 0 0 0 1 1 0 1 1 1 0 0 1 1 0 1 0 1 1 1 1 0 1 0 0 1 0 1 1 1 1 0 1 1 1 1 0 1 1 1 1 0 1 1 1 1 1 1 0 0 1 1 0 	0 64 0 64 64 64 0 0 0 0 64 0 0 64 0 0 64 0 64 0 0 0 0 0 64 64 64 64 0 64 64 64 0 64 64 0 0 64 64 0 64 0 64 64 0 64 64 64 0 0 0 64 64 0 64 64 64 0 0 64 64 0 64 0 64 64 64 64 0 64 0 0 64 0 64 64 64 64 0 64 64 64 64 0 64 64 64 64 0 64 64 64 64 64 64 0 0 64 64 0 	195	407
0 1 0 1 1 1 0 0 0 0 1 0 0 1 0 0 1 0 1 0 0 0 0 0 1 1 1 1 0 1 1 1 0 1 1 0 0 1 1 0 1 0 1 1 0 1 1 1 0 0 0 1 1 0 1 1 1 0 0 1 1 0 1 0 1 1 1 1 0 1 0 0 1 0 1 1 1 1 0 1 1 1 1 0 1 1 1 1 0 1 1 1 1 1 1 0 0 1 1 0 	0 64 0 64 64 64 0 0 0 0 64 0 0 64 0 0 64 0 64 0 0 0 0 0 64 64 64 64 0 64 64 64 0 64 64 0 0 64 64 0 64 0 64 64 0 64 64 64 0 0 0 64 64 0 64 64 64 0 0 64 64 0 64 0 64 64 64 64 0 64 0 0 64 0 64 64 64 64 0 64 64 64 64 0 64 64 64 64 0 64 64 64 64 64 64 0 0 64 64 0 	195	584
0 1 0 1 1 1 0 0 0 0 0 0 1 1 0 0 1 0 1 0 1 0 0 0 1 1 1 0 0 1 1 1 0 1 1 0 0 1 1 0 1 0 0 1 0 1 1 1 0 0 1 1 1 0 1 1 1 0 0 1 1 0 1 1 1 0 1 1 0 1 0 0 1 0 1 1 0 1 0 1 0 1 1 0 1 0 1 1 1 1 1 1 0 1 0 0 0 1 1 0 	0 64 0 64 64 64 0 0 0 0 0 0 64 64 0 0 64 0 64 0 64 0 0 0 64 64 64 0 0 64 64 64 0 64 64 0 0 64 64 0 64 0 0 64 0 64 64 64 0 0 64 64 64 0 64 64 64 0 0 64 64 0 64 64 64 0 64 64 0 64 0 0 64 0 64 64 0 64 0 64 0 64 64 0 64 0 64 64 64 64 64 64 0 64 0 0 0 64 64 0 	195	453
-1 -1 -1 -1 -1 -1 -1 -1 -1 -1 -1 -1 -1 -1 -1 -1 -1 -1 -1 -1 -1 -1 -1 -1 -1 -1 -1 -1 -1 -1 -1 -1 -1 -1 -1 -1 -1 -1 -1 -1 -1 -1 -1 -1 -1 -1 -1 -1 -1 -1 -1 -1 -1 -1 -1 -1 -1 -1 -1 -1 -1 -1 -1 -1 -1 -1 -1 -1 -1 -1 -1 -1 -1 -1 -1 -1 -1 -1 -1 -1 -1 -1 -1 -1 -1 -1 -1 -1 -1 -1 -1 -1 -1 -1 -1 -1 -1 -1 -1 -1 	0	1001
0 1 0 1 1 1 0 0 0 0 0 0 1 1 0 1 1 0 1 0 0 0 0 0 1 1 1 1 0 1 1 1 0 1 1 0 0 0 1 0 0 0 0 1 0 1 1 1 0 0 0 0 1 1 1 1 1 0 0 1 1 0 0 1 1 0 0 0 0 1 0 0 1 0 1 1 0 1 0 1 0 1 1 0 1 0 1 1 1 1 1 1 0 1 0 0 1 1 1 0 	0 64 0 64 64 64 0 0 0 0 0 0 64 64 0 64 64 0 64 0 63 0 0 0 64 64 64 64 0 64 64 64 0 64 64 63 0 0 64 0 0 0 0 64 0 64 64 64 0 0 63 61 64 64 64 64 64 0 0 64 64 0 0 64 64 0 0 63 0 64 0 0 64 0 64 64 63 64 0 64 0 64 64 0 64 61 64 64 64 64 64 64 63 64 0 0 64 64 64 0 	260	455
0 1 0 1 1 1 0 0 0 0 1 0 0 1 0 1 1 0 1 0 0 0 0 0 1 1 1 0 0 1 1 1 0 1 1 1 0 0 1 0 0 0 1 1 0 1 1 1 0 0 0 1 1 1 1 1 1 0 0 1 1 0 0 0 1 1 0 0 0 1 0 0 1 0 1 1 1 1 0 1 1 1 1 0 1 1 1 1 0 1 1 1 1 1 1 0 1 1 1 0 	0 64 0 64 64 64 0 0 0 0 64 0 0 64 0 64 64 0 64 0 0 0 0 0 64 64 64 0 0 64 64 64 0 64 64 64 0 0 64 0 0 0 64 64 0 64 64 64 0 0 0 64 64 64 64 64 64 0 0 64 64 0 0 0 64 64 0 0 0 64 0 0 64 0 64 64 64 64 0 64 64 64 64 0 64 64 64 64 0 64 64 64 64 64 64 0 64 64 64 0 	195	391
-1 -1 -1 -1 -1 -1 -1 -1 -1 -1 -1 -1 -1 -1 -1 -1 -1 -1 -1 -1 -1 -1 -1 -1 -1 -1 -1 -1 -1 -1 -1 -1 -1 -1 -1 -1 -1 -1 -1 -1 -1 -1 -1 -1 -1 -1 -1 -1 -1 -1 -1 -1 -1 -1 -1 -1 -1 -1 -1 -1 -1 -1 -1 -1 -1 -1 -1 -1 -1 -1 -1 -1 -1 -1 -1 -1 -1 -1 -1 -1 -1 -1 -1 -1 -1 -1 -1 -1 -1 -1 -1 -1 -1 -1 -1 -1 -1 -1 -1 -1 	0	1001
0 1 0 1 1 1 0 0 0 0 0 0 1 1 0 0 1 0 1 0 1 0 0 0 1 1 1 0 0 1 1 1 0 1 1 0 0 1 1 0 1 0 0 1 0 1 1 1 0 0 1 1 1 0 1 1 1 0 0 1 1 0 1 1 1 0 1 1 0 1 0 0 1 0 1 1 0 1 0 1 0 1 1 0 1 0 1 1 1 1 1 1 0 1 0 0 0 1 1 0 	0 64 0 64 64 64 0 0 0 0 0 0 64 64 0 0 64 0 64 0 64 0 0 0 64 64 64 0 0 64 64 64 0 64 64 0 0 64 64 0 64 0 0 64 0 64 64 64 0 0 64 64 64 0 64 64 64 0 0 64 64 0 64 64 64 0 64 64 0 64 0 0 64 0 64 64 0 64 0 64 0 64 64 0 64 0 64 64 64 64 64 64 0 64 0 0 0 64 64 0 	195	456
-1 -1 -1 -1 -1 -1 -1 -1 -1 -1 -1 -1 -1 -1 -1 -1 -1 -1 -1 -1 -1 -1 -1 -1 -1 -1 -1 -1 -1 -1 -1 -1 -1 -1 -1 -1 -1 -1 -1 -1 -1 -1 -1 -1 -1 -1 -1 -1 -1 -1 -1 -1 -1 -1 -1 -1 -1 -1 -1 -1 -1 -1 -1 -1 -1 -1 -1 -1 -1 -1 -1 -1 -1 -1 -1 -1 -1 -1 -1 -1 -1 -1 -1 -1 -1 -1 -1 -1 -1 -1 -1 -1 -1 -1 -1 -1 -1 -1 -1 -1 	0	1001
0 1 0 1 1 1 0 0 0 0 0 0 1 1 0 0 1 0 1 0 1 0 0 0 1 1 1 0 0 1 1 1 0 1 1 0 0 1 1 0 1 0 0 1 0 1 1 1 0 0 1 1 1 0 1 1 1 0 0 1 1 0 1 1 1 0 1 1 0 1 0 0 1 0 1 1 0 1 0 1 0 1 1 0 1 0 1 1 1 1 1 1 0 1 0 0 0 1 1 0 	0 64 0 64 64 64 0 0 0 0 0 0 64 64 0 0 64 0 64 0 64 0 0 0 64 64 64 0 0 64 64 64 0 64 64 0 0 64 64 0 64 0 0 64 0 64 64 64 0 0 64 64 64 0 64 64 64 0 0 64 64 0 64 64 64 0 64 64 0 64 0 0 64 0 64 64 0 64 0 64 0 64 64 0 64 0 64 64 64 64 64 64 0 64 0 0 0 64 64 0 	195	454
0 1 0 1 1 1 0 0 0 0 0 0 1 1 0 0 1 0 1 0 1 0 0 0 1 1 1 0 0 1 1 1 0 1 1 0 0 1 1 0 1 0 0 1 0 1 1 1 0 0 1 1 1 0 1 1 1 0 0 1 1 0 1 1 1 0 1 1 0 1 0 0 1 0 1 1 0 1 0 1 0 1 1 0 1 0 1 1 1 1 1 1 0 1 0 0 0 1 1 0 	0 64 0 64 64 64 0 0 0 0 0 0 64 64 0 0 64 0 64 0 64 0 0 0 64 64 64 0 0 64 64 64 0 64 64 0 0 64 64 0 64 0 0 64 0 64 64 64 0 0 64 64 64 0 64 64 64 0 0 64 64 0 64 64 64 0 64 64 0 64 0 0 64 0 64 64 0 64 0 64 0 64 64 0 64 0 64 64 64 64 64 64 0 64 0 0 0 64 64 0 	195	427
-1 -1 -1 -1 -1 -1 -1 -1 -1 -1 -1 -1 -1 -1 -1 -1 -1 -1 -1 -1 -1 -1 -1 -1 -1 -1 -1 -1 -1 -1 -1 -1 -1 -1 -1 -1 -1 -1 -1 -1 -1 -1 -1 -1 -1 -1 -1 -1 -1 -1 -1 -1 -1 -1 -1 -1 -1 -1 -1 -1 -1 -1 -1 -1 -1 -1 -1 -1 -1 -1 -1 -1 -1 -1 -1 -1 -1 -1 -1 -1 -1 -1 -1 -1 -1 -1 -1 -1 -1 -1 -1 -1 -1 -1 -1 -1 -1 -1 -1 -1 	0	1001
0 1 0 1 1 1 0 0 0 0 0 0 1 1 0 0 1 0 1 0 1 0 0 0 1 1 1 0 0 1 1 1 0 1 1 0 0 1 1 0 1 0 0 1 0 1 1 1 0 0 1 1 1 0 1 1 1 0 0 1 1 0 1 1 1 0 1 1 0 1 0 0 1 0 1 1 0 1 0 1 0 1 1 0 1 0 1 1 1 1 1 1 0 1 0 0 0 1 1 0 	0 64 0 64 64 64 0 0 0 0 0 0 64 64 0 0 64 0 64 0 64 0 0 0 64 64 64 0 0 64 64 64 0 64 64 0 0 64 64 0 64 0 0 64 0 64 64 64 0 0 64 64 64 0 64 64 64 0 0 64 64 0 64 64 64 0 64 64 0 64 0 0 64 0 64 64 0 64 0 64 0 64 64 0 64 0 64 64 64 64 64 64 0 64 0 0 0 64 64 0 	195	389
-1 -1 -1 -1 -1 -1 -1 -1 -1 -1 -1 -1 -1 -1 -1 -1 -1 -1 -1 -1 -1 -1 -1 -1 -1 -1 -1 -1 -1 -1 -1 -1 -1 -1 -1 -1 -1 -1 -1 -1 -1 -1 -1 -1 -1 -1 -1 -1 -1 -1 -1 -1 -1 -1 -1 -1 -1 -1 -1 -1 -1 -1 -1 -1 -1 -1 -1 -1 -1 -1 -1 -1 -1 -1 -1 -1 -1 -1 -1 -1 -1 -1 -1 -1 -1 -1 -1 -1 -1 -1 -1 -1 -1 -1 -1 -1 -1 -1 -1 -1 	0	1001
0 1 0 1 1 1 0 0 0 0 0 0 1 1 0 0 1 0 1 0 1 0 0 0 1 1 1 0 0 1 1 1 0 1 1 0 0 1 1 0 1 0 0 1 0 1 1 1 0 0 1 1 1 0 1 1 1 0 0 1 1 0 1 1 1 0 1 1 0 1 0 0 1 0 1 1 0 1 0 1 0 1 1 0 1 0 1 1 1 1 1 1 0 1 0 0 0 1 1 0 	0 64 0 64 64 64 0 0 0 0 0 0 64 64 0 0 64 0 64 0 64 0 0 0 64 64 64 0 0 64 64 64 0 64 64 0 0 64 64 0 64 0 0 64 0 64 64 64 0 0 64 64 64 0 64 64 64 0 0 64 64 0 64 64 64 0 64 64 0 64 0 0 64 0 64 64 0 64 0 64 0 64 64 0 64 0 64 64 64 64 64 64 0 64 0 0 0 64 64 0 	195	501
-1 -1 -1 -1 -1 -1 -1 -1 -1 -1 -1 -1 -1 -1 -1 -1 -1 -1 -1 -1 -1 -1 -1 -1 -1 -1 -1 -1 -1 -1 -1 -1 -1 -1 -1 -1 -1 -1 -1 -1 -1 -1 -1 -1 -1 -1 -1 -1 -1 -1 -1 -1 -1 -1 -1 -1 -1 -1 -1 -1 -1 -1 -1 -1 -1 -1 -1 -1 -1 -1 -1 -1 -1 -1 -1 -1 -1 -1 -1 -1 -1 -1 -1 -1 -1 -1 -1 -1 -1 -1 -1 -1 -1 -1 -1 -1 -1 -1 -1 -1 	0	1001
-1 -1 -1 -1 -1 -1 -1 -1 -1 -1 -1 -1 -1 -1 -1 -1 -1 -1 -1 -1 -1 -1 -1 -1 -1 -1 -1 -1 -1 -1 -1 -1 -1 -1 -1 -1 -1 -1 -1 -1 -1 -1 -1 -1 -1 -1 -1 -1 -1 -1 -1 -1 -1 -1 -1 -1 -1 -1 -1 -1 -1 -1 -1 -1 -1 -1 -1 -1 -1 -1 -1 -1 -1 -1 -1 -1 -1 -1 -1 -1 -1 -1 -1 -1 -1 -1 -1 -1 -1 -1 -1 -1 -1 -1 -1 -1 -1 -1 -1 -1 	0	1001
-1 -1 -1 -1 -1 -1 -1 -1 -1 -1 -1 -1 -1 -1 -1 -1 -1 -1 -1 -1 -1 -1 -1 -1 -1 -1 -1 -1 -1 -1 -1 -1 -1 -1 -1 -1 -1 -1 -1 -1 -1 -1 -1 -1 -1 -1 -1 -1 -1 -1 -1 -1 -1 -1 -1 -1 -1 -1 -1 -1 -1 -1 -1 -1 -1 -1 -1 -1 -1 -1 -1 -1 -1 -1 -1 -1 -1 -1 -1 -1 -1 -1 -1 -1 -1 -1 -1 -1 -1 -1 -1 -1 -1 -1 -1 -1 -1 -1 -1 -1 	0	1001
0 1 0 1 1 1 0 0 0 0 1 0 0 1 0 0 1 0 1 0 0 0 0 0 1 1 1 1 0 1 1 1 0 1 1 0 0 1 1 0 1 0 1 1 0 1 1 1 0 0 0 1 1 0 1 1 1 0 0 1 1 0 1 0 1 1 1 1 0 1 0 0 1 0 1 1 1 1 0 1 1 1 1 0 1 1 1 1 0 1 1 1 1 1 1 0 0 1 1 0 	0 64 0 64 64 64 0 0 0 0 64 0 0 64 0 0 64 0 64 0 0 0 0 0 64 64 64 64 0 64 64 64 0 64 64 0 0 64 64 0 64 0 64 64 0 64 64 64 0 0 0 64 64 0 64 64 64 0 0 64 64 0 64 0 64 64 64 64 0 64 0 0 64 0 64 64 64 64 0 64 64 64 64 0 64 64 64 64 0 64 64 64 64 64 64 0 0 64 64 0 	195	556
-1 -1 -1 -1 -1 -1 -1 -1 -1 -1 -1 -1 -1 -1 -1 -1 -1 -1 -1 -1 -1 -1 -1 -1 -1 -1 -1 -1 -1 -1 -1 -1 -1 -1 -1 -1 -1 -1 -1 -1 -1 -1 -1 -1 -1 -1 -1 -1 -1 -1 -1 -1 -1 -1 -1 -1 -1 -1 -1 -1 -1 -1 -1 -1 -1 -1 -1 -1 -1 -1 -1 -1 -1 -1 -1 -1 -1 -1 -1 -1 -1 -1 -1 -1 -1 -1 -1 -1 -1 -1 -1 -1 -1 -1 -1 -1 -1 -1 -1 -1 	0	1001
0 1 0 1 1 1 0 0 0 0 0 0 1 1 0 0 1 0 1 0 1 0 0 0 1 1 1 0 0 1 1 1 0 1 1 0 0 1 1 0 1 0 0 1 0 1 1 1 0 0 1 1 1 0 1 1 1 0 0 1 1 0 1 1 1 0 1 1 0 1 0 0 1 0 1 1 0 1 0 1 0 1 1 0 1 0 1 1 1 1 1 1 0 1 0 0 0 1 1 0 	0 64 0 64 64 64 0 0 0 0 0 0 64 64 0 0 64 0 64 0 64 0 0 0 64 64 64 0 0 64 64 64 0 64 64 0 0 64 64 0 64 0 0 64 0 64 64 64 0 0 64 64 64 0 64 64 64 0 0 64 64 0 64 64 64 0 64 64 0 64 0 0 64 0 64 64 0 64 0 64 0 64 64 0 64 0 64 64 64 64 64 64 0 64 0 0 0 64 64 0 	195	453
-1 -1 -1 -1 -1 -1 -1 -1 -1 -1 -1 -1 -1 -1 -1 -1 -1 -1 -1 -1 -1 -1 -1 -1 -1 -1 -1 -1 -1 -1 -1 -1 -1 -1 -1 -1 -1 -1 -1 -1 -1 -1 -1 -1 -1 -1 -1 -1 -1 -1 -1 -1 -1 -1 -1 -1 -1 -1 -1 -1 -1 -1 -1 -1 -1 -1 -1 -1 -1 -1 -1 -1 -1 -1 -1 -1 -1 -1 -1 -1 -1 -1 -1 -1 -1 -1 -1 -1 -1 -1 -1 -1 -1 -1 -1 -1 -1 -1 -1 -1 	0	1001
-1 -1 -1 -1 -1 -1 -1 -1 -1 -1 -1 -1 -1 -1 -1 -1 -1 -1 -1 -1 -1 -1 -1 -1 -1 -1 -1 -1 -1 -1 -1 -1 -1 -1 -1 -1 -1 -1 -1 -1 -1 -1 -1 -1 -1 -1 -1 -1 -1 -1 -1 -1 -1 -1 -1 -1 -1 -1 -1 -1 -1 -1 -1 -1 -1 -1 -1 -1 -1 -1 -1 -1 -1 -1 -1 -1 -1 -1 -1 -1 -1 -1 -1 -1 -1 -1 -1 -1 -1 -1 -1 -1 -1 -1 -1 -1 -1 -1 -1 -1 	0	1001
0 1 0 1 1 1 0 0 0 0 0 0 1 1 0 0 1 0 1 0 1 0 0 0 1 1 1 0 0 1 1 1 0 1 1 0 0 1 1 0 1 0 0 1 0 1 1 1 0 0 1 1 1 0 1 1 1 0 0 1 1 0 1 1 1 0 1 1 0 1 0 0 1 0 1 1 0 1 0 1 0 1 1 0 1 0 1 1 1 1 1 1 0 1 0 0 0 1 1 0 	0 64 0 64 64 64 0 0 0 0 0 0 64 64 0 0 64 0 64 0 64 0 0 0 64 64 64 0 0 64 64 64 0 64 64 0 0 64 64 0 64 0 0 64 0 64 64 64 0 0 64 64 64 0 64 64 64 0 0 64 64 0 64 64 64 0 64 64 0 64 0 0 64 0 64 64 0 64 0 64 0 64 64 0 64 0 64 64 64 64 64 64 0 64 0 0 0 64 64 0 	195	453
-1 -1 -1 -1 -1 -1 -1 -1 -1 -1 -1 -1 -1 -1 -1 -1 -1 -1 -1 -1 -1 -1 -1 -1 -1 -1 -1 -1 -1 -1 -1 -1 -1 -1 -1 -1 -1 -1 -1 -1 -1 -1 -1 -1 -1 -1 -1 -1 -1 -1 -1 -1 -1 -1 -1 -1 -1 -1 -1 -1 -1 -1 -1 -1 -1 -1 -1 -1 -1 -1 -1 -1 -1 -1 -1 -1 -1 -1 -1 -1 -1 -1 -1 -1 -1 -1 -1 -1 -1 -1 -1 -1 -1 -1 -1 -1 -1 -1 -1 -1 	0	1001
0 1 0 1 1 1 0 0 0 0 0 0 1 1 0 0 1 0 1 0 1 0 0 0 1 1 1 0 0 1 1 1 0 1 1 0 0 1 1 0 1 0 0 1 0 1 1 1 0 0 1 1 1 0 1 1 1 0 0 1 1 0 1 1 1 0 1 1 0 1 0 0 1 0 1 1 0 1 0 1 0 1 1 0 1 0 1 1 1 1 1 1 0 1 0 0 0 1 1 0 	0 64 0 64 64 64 0 0 0 0 0 0 64 64 0 0 64 0 64 0 64 0 0 0 64 64 64 0 0 64 64 64 0 64 64 0 0 64 64 0 64 0 0 64 0 64 64 64 0 0 64 64 64 0 64 64 64 0 0 64 64 0 64 64 64 0 64 64 0 64 0 0 64 0 64 64 0 64 0 64 0 64 64 0 64 0 64 64 64 64 64 64 0 64 0 0 0 64 64 0 	195	457
0 1 0 1 1 1 0 0 0 0 0 0 1 1 0 0 1 0 1 0 1 0 0 0 1 1 1 0 0 1 1 1 0 1 1 0 0 1 1 0 1 0 0 1 0 1 1 1 0 0 1 1 1 0 1 1 1 0 0 1 1 0 1 1 1 0 1 1 0 1 0 0 1 0 1 1 0 1 0 1 0 1 1 0 1 0 1 1 1 1 1 1 0 1 0 0 0 1 1 0 	0 64 0 64 64 64 0 0 0 0 0 0 64 64 0 0 64 0 64 0 64 0 0 0 64 64 64 0 0 64 64 64 0 64 64 0 0 64 64 0 64 0 0 64 0 64 64 64 0 0 64 64 64 0 64 64 64 0 0 64 64 0 64 64 64 0 64 64 0 64 0 0 64 0 64 64 0 64 0 64 0 64 64 0 64 0 64 64 64 64 64 64 0 64 0 0 0 64 64 0 	195	453
-1 -1 -1 -1 -1 -1 -1 -1 -1 -1 -1 -1 -1 -1 -1 -1 -1 -1 -1 -1 -1 -1 -1 -1 -1 -1 -1 -1 -1 -1 -1 -1 -1 -1 -1 -1 -1 -1 -1 -1 -1 -1 -1 -1 -1 -1 -1 -1 -1 -1 -1 -1 -1 -1 -1 -1 -1 -1 -1 -1 -1 -1 -1 -1 -1 -1 -1 -1 -1 -1 -1 -1 -1 -1 -1 -1 -1 -1 -1 -1 -1 -1 -1 -1 -1 -1 -1 -1 -1 -1 -1 -1 -1 -1 -1 -1 -1 -1 -1 -1 	0	1001
-1 -1 -1 -1 -1 -1 -1 -1 -1 -1 -1 -1 -1 -1 -1 -1 -1 -1 -1 -1 -1 -1 -1 -1 -1 -1 -1 -1 -1 -1 -1 -1 -1 -1 -1 -1 -1 -1 -1 -1 -1 -1 -1 -1 -1 -1 -1 -1 -1 -1 -1 -1 -1 -1 -1 -1 -1 -1 -1 -1 -1 -1 -1 -1 -1 -1 -1 -1 -1 -1 -1 -1 -1 -1 -1 -1 -1 -1 -1 -1 -1 -1 -1 -1 -1 -1 -1 -1 -1 -1 -1 -1 -1 -1 -1 -1 -1 -1 -1 -1 	0	1001
0 1 0 1 1 1 0 0 0 0 0 0 1 1 0 0 1 0 1 0 1 0 0 0 1 1 1 0 0 1 1 1 0 1 1 0 0 1 1 0 1 0 0 1 0 1 1 1 0 0 1 1 1 0 1 1 1 0 0 1 1 0 1 1 1 0 1 1 0 1 0 0 1 0 1 1 0 1 0 1 0 1 1 0 1 0 1 1 1 1 1 1 0 1 0 0 0 1 1 0 	0 64 0 64 64 64 0 0 0 0 0 0 64 64 0 0 64 0 64 0 64 0 0 0 64 64 64 0 0 64 64 64 0 64 64 0 0 64 64 0 64 0 0 64 0 64 64 64 0 0 64 64 64 0 64 64 64 0 0 64 64 0 64 64 64 0 64 64 0 64 0 0 64 0 64 64 0 64 0 64 0 64 64 0 64 0 64 64 64 64 64 64 0 64 0 0 0 64 64 0 	195	427
-1 -1 -1 -1 -1 -1 -1 -1 -1 -1 -1 -1 -1 -1 -1 -1 -1 -1 -1 -1 -1 -1 -1 -1 -1 -1 -1 -1 -1 -1 -1 -1 -1 -1 -1 -1 -1 -1 -1 -1 -1 -1 -1 -1 -1 -1 -1 -1 -1 -1 -1 -1 -1 -1 -1 -1 -1 -1 -1 -1 -1 -1 -1 -1 -1 -1 -1 -1 -1 -1 -1 -1 -1 -1 -1 -1 -1 -1 -1 -1 -1 -1 -1 -1 -1 -1 -1 -1 -1 -1 -1 -1 -1 -1 -1 -1 -1 -1 -1 -1 	0	1001
-1 -1 -1 -1 -1 -1 -1 -1 -1 -1 -1 -1 -1 -1 -1 -1 -1 -1 -1 -1 -1 -1 -1 -1 -1 -1 -1 -1 -1 -1 -1 -1 -1 -1 -1 -1 -1 -1 -1 -1 -1 -1 -1 -1 -1 -1 -1 -1 -1 -1 -1 -1 -1 -1 -1 -1 -1 -1 -1 -1 -1 -1 -1 -1 -1 -1 -1 -1 -1 -1 -1 -1 -1 -1 -1 -1 -1 -1 -1 -1 -1 -1 -1 -1 -1 -1 -1 -1 -1 -1 -1 -1 -1 -1 -1 -1 -1 -1 -1 -1 	0	1001
-1 -1 -1 -1 -1 -1 -1 -1 -1 -1 -1 -1 -1 -1 -1 -1 -1 -1 -1 -1 -1 -1 -1 -1 -1 -1 -1 -1 -1 -1 -1 -1 -1 -1 -1 -1 -1 -1 -1 -1 -1 -1 -1 -1 -1 -1 -1 -1 -1 -1 -1 -1 -1 -1 -1 -1 -1 -1 -1 -1 -1 -1 -1 -1 -1 -1 -1 -1 -1 -1 -1 -1 -1 -1 -1 -1 -1 -1 -1 -1 -1 -1 -1 -1 -1 -1 -1 -1 -1 -1 -1 -1 -1 -1 -1 -1 -1 -1 -1 -1 	0	1001
0 1 0 1 1 1 0 0 0 0 0 0 1 1 0 0 1 0 1 0 1 0 0 0 1 1 1 0 0 1 1 1 0 1 1 0 0 1 1 0 1 0 0 1 0 1 1 1 0 0 1 1 1 0 1 1 1 0 0 1 1 0 1 1 1 0 1 1 0 1 0 0 1 0 1 1 0 1 0 1 0 1 1 0 1 0 1 1 1 1 1 1 0 1 0 0 0 1 1 0 	0 64 0 64 64 64 0 0 0 0 0 0 64 64 0 0 64 0 64 0 64 0 0 0 64 64 64 0 0 64 64 64 0 64 64 0 0 64 64 0 64 0 0 64 0 64 64 64 0 0 64 64 64 0 64 64 64 0 0 64 64 0 64 64 64 0 64 64 0 64 0 0 64 0 64 64 0 64 0 64 0 64 64 0 64 0 64 64 64 64 64 64 0 64 0 0 0 64 64 0 	195	457
0 1 0 1 1 1 0 0 0 0 0 0 1 1 0 0 1 0 1 0 1 0 0 0 1 1 1 0 0 1 1 1 0 1 1 0 0 1 1 0 1 0 0 1 0 1 1 1 0 0 1 1 1 0 1 1 1 0 0 1 1 0 1 1 1 0 1 1 0 1 0 0 1 0 1 1 0 1 0 1 0 1 1 0 1 0 1 1 1 1 1 1 0 1 0 0 0 1 1 0 	0 64 0 64 64 64 0 0 0 0 0 0 64 64 0 0 64 0 64 0 64 0 0 0 64 64 64 0 0 64 64 64 0 64 64 0 0 64 64 0 64 0 0 64 0 64 64 64 0 0 64 64 64 0 64 64 64 0 0 64 64 0 64 64 64 0 64 64 0 64 0 0 64 0 64 64 0 64 0 64 0 64 64 0 64 0 64 64 64 64 64 64 0 64 0 0 0 64 64 0 	195	431
-1 -1 -1 -1 -1 -1 -1 -1 -1 -1 -1 -1 -1 -1 -1 -1 -1 -1 -1 -1 -1 -1 -1 -1 -1 -1 -1 -1 -1 -1 -1 -1 -1 -1 -1 -1 -1 -1 -1 -1 -1 -1 -1 -1 -1 -1 -1 -1 -1 -1 -1 -1 -1 -1 -1 -1 -1 -1 -1 -1 -1 -1 -1 -1 -1 -1 -1 -1 -1 -1 -1 -1 -1 -1 -1 -1 -1 -1 -1 -1 -1 -1 -1 -1 -1 -1 -1 -1 -1 -1 -1 -1 -1 -1 -1 -1 -1 -1 -1 -1 	0	1001
0 1 0 1 1 1 0 0 0 0 0 0 1 1 0 0 1 0 1 0 1 0 0 0 1 1 1 0 0 1 1 1 0 1 1 0 0 1 1 0 1 0 0 1 0 1 1 1 0 0 1 1 1 0 1 1 1 0 0 1 1 0 1 1 1 0 1 1 0 1 0 0 1 0 1 1 0 1 0 1 0 1 1 0 1 0 1 1 1 1 1 1 0 1 0 0 0 1 1 0 	0 64 0 64 64 64 0 0 0 0 0 0 64 64 0 0 64 0 64 0 64 0 0 0 64 64 64 0 0 64 64 64 0 64 64 0 0 64 64 0 64 0 0 64 0 64 64 64 0 0 64 64 64 0 64 64 64 0 0 64 64 0 64 64 64 0 64 64 0 64 0 0 64 0 64 64 0 64 0 64 0 64 64 0 64 0 64 64 64 64 64 64 0 64 0 0 0 64 64 0 	195	456
0 1 0 1 1 1 0 0 0 0 0 0 1 1 0 0 1 0 1 0 1 0 0 0 1 1 1 0 0 1 1 1 0 1 1 0 0 1 1 0 1 0 0 1 0 1 1 1 0 0 1 1 1 0 1 1 1 0 0 1 1 0 1 1 1 0 1 1 0 1 0 0 1 0 1 1 0 1 0 1 0 1 1 0 1 0 1 1 1 1 1 1 0 1 0 0 0 1 1 0 	0 64 0 64 64 64 0 0 0 0 0 0 64 64 0 0 64 0 64 0 64 0 0 0 64 64 64 0 0 64 64 64 0 64 64 0 0 64 64 0 64 0 0 64 0 64 64 64 0 0 64 64 64 0 64 64 64 0 0 64 64 0 64 64 64 0 64 64 0 64 0 0 64 0 64 64 0 64 0 64 0 64 64 0 64 0 64 64 64 64 64 64 0 64 0 0 0 64 64 0 	195	431
-1 -1 -1 -1 -1 -1 -1 -1 -1 -1 -1 -1 -1 -1 -1 -1 -1 -1 -1 -1 -1 -1 -1 -1 -1 -1 -1 -1 -1 -1 -1 -1 -1 -1 -1 -1 -1 -1 -1 -1 -1 -1 -1 -1 -1 -1 -1 -1 -1 -1 -1 -1 -1 -1 -1 -1 -1 -1 -1 -1 -1 -1 -1 -1 -1 -1 -1 -1 -1 -1 -1 -1 -1 -1 -1 -1 -1 -1 -1 -1 -1 -1 -1 -1 -1 -1 -1 -1 -1 -1 -1 -1 -1 -1 -1 -1 -1 -1 -1 -1 	0	1001
0 1 0 1 1 1 0 0 0 0 1 0 0 1 0 1 1 0 1 0 0 0 0 0 1 1 1 0 0 1 1 1 0 1 1 1 0 0 1 0 0 0 1 1 0 1 1 1 0 0 0 1 1 1 1 1 1 0 0 1 1 0 0 0 1 1 0 0 0 1 0 0 1 0 1 1 1 1 0 1 1 1 1 0 1 1 1 1 0 1 1 1 1 1 1 0 1 1 1 0 	0 64 0 64 64 64 0 0 0 0 64 0 0 64 0 64 64 0 64 0 0 0 0 0 64 64 64 0 0 64 64 64 0 64 64 64 0 0 64 0 0 0 64 64 0 64 64 64 0 0 0 64 64 64 64 64 64 0 0 64 64 0 0 0 64 64 0 0 0 64 0 0 64 0 64 64 64 64 0 64 64 64 64 0 64 64 64 64 0 64 64 64 64 64 64 0 64 64 64 0 	195	391
0 1 0 1 1 1 0 0 0 0 0 0 1 1 0 0 1 0 1 0 1 0 0 0 1 1 1 0 0 1 1 1 0 1 1 0 0 1 1 0 1 0 0 1 0 1 1 1 0 0 1 1 1 0 1 1 1 0 0 1 1 0 1 1 1 0 1 1 0 1 0 0 1 0 1 1 0 1 0 1 0 1 1 0 1 0 1 1 1 1 1 1 0 1 0 0 0 1 1 0 	0 64 0 64 64 64 0 0 0 0 0 0 64 64 0 0 64 0 64 0 64 0 0 0 64 64 64 0 0 64 64 64 0 64 64 0 0 64 64 0 64 0 0 64 0 64 64 64 0 0 64 64 64 0 64 64 64 0 0 64 64 0 64 64 64 0 64 64 0 64 0 0 64 0 64 64 0 64 0 64 0 64 64 0 64 0 64 64 64 64 64 64 0 64 0 0 0 64 64 0 	195	456
0 1 0 1 1 1 0 0 0 0 0 0 1 1 0 0 1 0 1 0 1 0 0 0 1 1 1 0 0 1 1 1 0 1 1 0 0 1 1 0 1 0 0 1 0 1 1 1 0 0 1 1 1 0 1 1 1 0 0 1 1 0 1 1 1 0 1 1 0 1 0 0 1 0 1 1 0 1 0 1 0 1 1 0 1 0 1 1 1 1 1 1 0 1 0 0 0 1 1 0 	0 64 0 64 64 64 0 0 0 0 0 0 64 64 0 0 64 0 64 0 64 0 0 0 64 64 64 0 0 64 64 64 0 64 64 0 0 64 64 0 64 0 0 64 0 64 64 64 0 0 64 64 64 0 64 64 64 0 0 64 64 0 64 64 64 0 64 64 0 64 0 0 64 0 64 64 0 64 0 64 0 64 64 0 64 0 64 64 64 64 64 64 0 64 0 0 0 64 64 0 	195	454
-1 -1 -1 -1 -1 -1 -1 -1 -1 -1 -1 -1 -1 -1 -1 -1 -1 -1 -1 -1 -1 -1 -1 -1 -1 -1 -1 -1 -1 -1 -1 -1 -1 -1 -1 -1 -1 -1 -1 -1 -1 -1 -1 -1 -1 -1 -1 -1 -1 -1 -1 -1 -1 -1 -1 -1 -1 -1 -1 -1 -1 -1 -1 -1 -1 -1 -1 -1 -1 -1 -1 -1 -1 -1 -1 -1 -1 -1 -1 -1 -1 -1 -1 -1 -1 -1 -1 -1 -1 -1 -1 -1 -1 -1 -1 -1 -1 -1 -1 -1 	0	1001
-1 -1 -1 -1 -1 -1 -1 -1 -1 -1 -1 -1 -1 -1 -1 -1 -1 -1 -1 -1 -1 -1 -1 -1 -1 -1 -1 -1 -1 -1 -1 -1 -1 -1 -1 -1 -1 -1 -1 -1 -1 -1 -1 -1 -1 -1 -1 -1 -1 -1 -1 -1 -1 -1 -1 -1 -1 -1 -1 -1 -1 -1 -1 -1 -1 -1 -1 -1 -1 -1 -1 -1 -1 -1 -1 -1 -1 -1 -1 -1 -1 -1 -1 -1 -1 -1 -1 -1 -1 -1 -1 -1 -1 -1 -1 -1 -1 -1 -1 -1 	0	1001
0 1 0 1 1 1 0 0 0 0 0 0 1 1 0 0 1 0 1 0 1 0 0 0 1 1 1 0 0 1 1 1 0 1 1 0 0 1 1 0 1 0 0 1 0 1 1 1 0 0 1 1 1 0 1 1 1 0 0 1 1 0 1 1 1 0 1 1 0 1 0 0 1 0 1 1 0 1 0 1 0 1 1 0 1 0 1 1 1 1 1 1 0 1 0 0 0 1 1 0 	0 64 0 64 64 64 0 0 0 0 0 0 64 64 0 0 64 0 64 0 64 0 0 0 64 64 64 0 0 64 64 64 0 64 64 0 0 64 64 0 64 0 0 64 0 64 64 64 0 0 64 64 64 0 64 64 64 0 0 64 64 0 64 64 64 0 64 64 0 64 0 0 64 0 64 64 0 64 0 64 0 64 64 0 64 0 64 64 64 64 64 64 0 64 0 0 0 64 64 0 	195	406
0 1 0 1 1 1 0 0 0 0 0 0 1 1 0 0 1 0 1 0 1 0 0 0 1 1 1 0 0 1 1 1 0 1 1 0 0 1 1 0 1 0 0 1 0 1 1 1 0 0 1 1 1 0 1 1 1 0 0 1 1 0 1 1 1 0 1 1 0 1 0 0 1 0 1 1 0 1 0 1 0 1 1 0 1 0 1 1 1 1 1 1 0 1 0 0 0 1 1 0 	0 64 0 64 64 64 0 0 0 0 0 0 64 64 0 0 64 0 64 0 64 0 0 0 64 64 64 0 0 64 64 64 0 64 64 0 0 64 64 0 64 0 0 64 0 64 64 64 0 0 64 64 64 0 64 64 64 0 0 64 64 0 64 64 64 0 64 64 0 64 0 0 64 0 64 64 0 64 0 64 0 64 64 0 64 0 64 64 64 64 64 64 0 64 0 0 0 64 64 0 	195	426
-1 -1 -1 -1 -1 -1 -1 -1 -1 -1 -1 -1 -1 -1 -1 -1 -1 -1 -1 -1 -1 -1 -1 -1 -1 -1 -1 -1 -1 -1 -1 -1 -1 -1 -1 -1 -1 -1 -1 -1 -1 -1 -1 -1 -1 -1 -1 -1 -1 -1 -1 -1 -1 -1 -1 -1 -1 -1 -1 -1 -1 -1 -1 -1 -1 -1 -1 -1 -1 -1 -1 -1 -1 -1 -1 -1 -1 -1 -1 -1 -1 -1 -1 -1 -1 -1 -1 -1 -1 -1 -1 -1 -1 -1 -1 -1 -1 -1 -1 -1 	0	1001
-1 -1 -1 -1 -1 -1 -1 -1 -1 -1 -1 -1 -1 -1 -1 -1 -1 -1 -1 -1 -1 -1 -1 -1 -1 -1 -1 -1 -1 -1 -1 -1 -1 -1 -1 -1 -1 -1 -1 -1 -1 -1 -1 -1 -1 -1 -1 -1 -1 -1 -1 -1 -1 -1 -1 -1 -1 -1 -1 -1 -1 -1 -1 -1 -1 -1 -1 -1 -1 -1 -1 -1 -1 -1 -1 -1 -1 -1 -1 -1 -1 -1 -1 -1 -1 -1 -1 -1 -1 -1 -1 -1 -1 -1 -1 -1 -1 -1 -1 -1 	0	1001
-1 -1 -1 -1 -1 -1 -1 -1 -1 -1 -1 -1 -1 -1 -1 -1 -1 -1 -1 -1 -1 -1 -1 -1 -1 -1 -1 -1 -1 -1 -1 -1 -1 -1 -1 -1 -1 -1 -1 -1 -1 -1 -1 -1 -1 -1 -1 -1 -1 -1 -1 -1 -1 -1 -1 -1 -1 -1 -1 -1 -1 -1 -1 -1 -1 -1 -1 -1 -1 -1 -1 -1 -1 -1 -1 -1 -1 -1 -1 -1 -1 -1 -1 -1 -1 -1 -1 -1 -1 -1 -1 -1 -1 -1 -1 -1 -1 -1 -1 -1 	0	1001
0 1 0 1 1 1 0 0 0 0 0 0 1 1 0 0 1 0 1 0 1 0 0 0 1 1 1 0 0 1 1 1 0 1 1 0 0 1 1 0 1 0 0 1 0 1 1 1 0 0 1 1 1 0 1 1 1 0 0 1 1 0 1 1 1 0 1 1 0 1 0 0 1 0 1 1 0 1 0 1 0 1 1 0 1 0 1 1 1 1 1 1 0 1 0 0 0 1 1 0 	0 64 0 64 64 64 0 0 0 0 0 0 64 64 0 0 64 0 64 0 64 0 0 0 64 64 64 0 0 64 64 64 0 64 64 0 0 64 64 0 64 0 0 64 0 64 64 64 0 0 64 64 64 0 64 64 64 0 0 64 64 0 64 64 64 0 64 64 0 64 0 0 64 0 64 64 0 64 0 64 0 64 64 0 64 0 64 64 64 64 64 64 0 64 0 0 0 64 64 0 	195	456
-1 -1 -1 -1 -1 -1 -1 -1 -1 -1 -1 -1 -1 -1 -1 -1 -1 -1 -1 -1 -1 -1 -1 -1 -1 -1 -1 -1 -1 -1 -1 -1 -1 -1 -1 -1 -1 -1 -1 -1 -1 -1 -1 -1 -1 -1 -1 -1 -1 -1 -1 -1 -1 -1 -1 -1 -1 -1 -1 -1 -1 -1 -1 -1 -1 -1 -1 -1 -1 -1 -1 -1 -1 -1 -1 -1 -1 -1 -1 -1 -1 -1 -1 -1 -1 -1 -1 -1 -1 -1 -1 -1 -1 -1 -1 -1 -1 -1 -1 -1 	0	1001
-1 -1 -1 -1 -1 -1 -1 -1 -1 -1 -1 -1 -1 -1 -1 -1 -1 -1 -1 -1 -1 -1 -1 -1 -1 -1 -1 -1 -1 -1 -1 -1 -1 -1 -1 -1 -1 -1 -1 -1 -1 -1 -1 -1 -1 -1 -1 -1 -1 -1 -1 -1 -1 -1 -1 -1 -1 -1 -1 -1 -1 -1 -1 -1 -1 -1 -1 -1 -1 -1 -1 -1 -1 -1 -1 -1 -1 -1 -1 -1 -1 -1 -1 -1 -1 -1 -1 -1 -1 -1 -1 -1 -1 -1 -1 -1 -1 -1 -1 -1 	0	1001
0 1 0 1 1 1 0 0 0 0 0 0 1 1 0 0 1 0 1 0 1 0 0 0 1 1 1 0 0 1 1 1 0 1 1 0 0 1 1 0 1 0 0 1 0 1 1 1 0 0 1 1 1 0 1 1 1 0 0 1 1 0 1 1 1 0 1 1 0 1 0 0 1 0 1 1 0 1 0 1 0 1 1 0 1 0 1 1 1 1 1 1 0 1 0 0 0 1 1 0 	0 64 0 64 64 64 0 0 0 0 0 0 64 64 0 0 64 0 64 0 64 0 0 0 64 64 64 0 0 64 64 64 0 64 64 0 0 64 64 0 64 0 0 64 0 64 64 64 0 0 64 64 64 0 64 64 64 0 0 64 64 0 64 64 64 0 64 64 0 64 0 0 64 0 64 64 0 64 0 64 0 64 64 0 64 0 64 64 64 64 64 64 0 64 0 0 0 64 64 0 	195	455
0 1 0 1 1 1 0 0 0 0 1 0 0 1 0 0 1 0 1 0 0 0 0 0 1 1 1 1 0 1 1 1 0 1 1 0 0 1 1 0 1 0 1 1 0 1 1 1 0 0 0 1 1 0 1 1 1 0 0 1 1 0 1 0 1 1 1 1 0 1 0 0 1 0 1 1 1 1 0 1 1 1 1 0 1 1 1 1 0 1 1 1 1 1 1 0 0 1 1 0 	0 64 0 64 64 64 0 0 0 0 64 0 0 64 0 0 64 0 64 0 0 0 0 0 64 64 64 64 0 64 64 64 0 64 64 0 0 64 64 0 64 0 64 64 0 64 64 64 0 0 0 64 64 0 64 64 64 0 0 64 64 0 64 0 64 64 64 64 0 64 0 0 64 0 64 64 64 64 0 64 64 64 64 0 64 64 64 64 0 64 64 64 64 64 64 0 0 64 64 0 	195	527
-1 -1 -1 -1 -1 -1 -1 -1 -1 -1 -1 -1 -1 -1 -1 -1 -1 -1 -1 -1 -1 -1 -1 -1 -1 -1 -1 -1 -1 -1 -1 -1 -1 -1 -1 -1 -1 -1 -1 -1 -1 -1 -1 -1 -1 -1 -1 -1 -1 -1 -1 -1 -1 -1 -1 -1 -1 -1 -1 -1 -1 -1 -1 -1 -1 -1 -1 -1 -1 -1 -1 -1 -1 -1 -1 -1 -1 -1 -1 -1 -1 -1 -1 -1 -1 -1 -1 -1 -1 -1 -1 -1 -1 -1 -1 -1 -1 -1 -1 -1 	0	1001
0 1 0 1 1 1 0 0 0 0 0 0 1 1 0 0 1 0 1 0 1 0 0 0 1 1 1 0 0 1 1 1 0 1 1 0 0 1 1 0 1 0 0 1 0 1 1 1 0 0 1 1 1 0 1 1 1 0 0 1 1 0 1 1 1 0 1 1 0 1 0 0 1 0 1 1 0 1 0 1 0 1 1 0 1 0 1 1 1 1 1 1 0 1 0 0 0 1 1 0 	0 64 0 64 64 64 0 0 0 0 0 0 64 64 0 0 64 0 64 0 64 0 0 0 64 64 64 0 0 64 64 64 0 64 64 0 0 64 64 0 64 0 0 64 0 64 64 64 0 0 64 64 64 0 64 64 64 0 0 64 64 0 64 64 64 0 64 64 0 64 0 0 64 0 64 64 0 64 0 64 0 64 64 0 64 0 64 64 64 64 64 64 0 64 0 0 0 64 64 0 	195	394
-1 -1 -1 -1 -1 -1 -1 -1 -1 -1 -1 -1 -1 -1 -1 -1 -1 -1 -1 -1 -1 -1 -1 -1 -1 -1 -1 -1 -1 -1 -1 -1 -1 -1 -1 -1 -1 -1 -1 -1 -1 -1 -1 -1 -1 -1 -1 -1 -1 -1 -1 -1 -1 -1 -1 -1 -1 -1 -1 -1 -1 -1 -1 -1 -1 -1 -1 -1 -1 -1 -1 -1 -1 -1 -1 -1 -1 -1 -1 -1 -1 -1 -1 -1 -1 -1 -1 -1 -1 -1 -1 -1 -1 -1 -1 -1 -1 -1 -1 -1 	0	1001
0 1 0 1 1 1 0 0 0 0 0 0 1 1 0 0 1 0 1 0 1 0 0 0 1 1 1 0 0 1 1 1 0 1 1 0 0 1 1 0 1 0 0 1 0 1 1 1 0 0 1 1 1 0 1 1 1 0 0 1 1 0 1 1 1 0 1 1 0 1 0 0 1 0 1 1 0 1 0 1 0 1 1 0 1 0 1 1 1 1 1 1 0 1 0 0 0 1 1 0 	0 64 0 64 64 64 0 0 0 0 0 0 64 64 0 0 64 0 64 0 64 0 0 0 64 64 64 0 0 64 64 64 0 64 64 0 0 64 64 0 64 0 0 64 0 64 64 64 0 0 64 64 64 0 64 64 64 0 0 64 64 0 64 64 64 0 64 64 0 64 0 0 64 0 64 64 0 64 0 64 0 64 64 0 64 0 64 64 64 64 64 64 0 64 0 0 0 64 64 0 	195	456
0 1 0 1 1 1 0 0 0 0 1 0 0 1 0 0 1 0 1 0 0 0 0 0 1 1 1 1 0 1 1 1 0 1 1 0 0 1 1 0 1 0 1 1 0 1 1 1 0 0 0 1 1 0 1 1 1 0 0 1 1 0 1 0 1 1 1 1 0 1 0 0 1 0 1 1 1 1 0 1 1 1 1 0 1 1 1 1 0 1 1 1 1 1 1 0 0 1 1 0 	0 64 0 64 64 64 0 0 0 0 64 0 0 64 0 0 64 0 64 0 0 0 0 0 64 64 64 64 0 64 64 64 0 64 64 0 0 64 64 0 64 0 64 64 0 64 64 64 0 0 0 64 64 0 64 64 64 0 0 64 64 0 64 0 64 64 64 64 0 64 0 0 64 0 64 64 64 64 0 64 64 64 64 0 64 64 64 64 0 64 64 64 64 64 64 0 0 64 64 0 	195	410
-1 -1 -1 -1 -1 -1 -1 -1 -1 -1 -1 -1 -1 -1 -1 -1 -1 -1 -1 -1 -1 -1 -1 -1 -1 -1 -1 -1 -1 -1 -1 -1 -1 -1 -1 -1 -1 -1 -1 -1 -1 -1 -1 -1 -1 -1 -1 -1 -1 -1 -1 -1 -1 -1 -1 -1 -1 -1 -1 -1 -1 -1 -1 -1 -1 -1 -1 -1 -1 -1 -1 -1 -1 -1 -1 -1 -1 -1 -1 -1 -1 -1 -1 -1 -1 -1 -1 -1 -1 -1 -1 -1 -1 -1 -1 -1 -1 -1 -1 -1 	0	1001
-1 -1 -1 -1 -1 -1 -1 -1 -1 -1 -1 -1 -1 -1 -1 -1 -1 -1 -1 -1 -1 -1 -1 -1 -1 -1 -1 -1 -1 -1 -1 -1 -1 -1 -1 -1 -1 -1 -1 -1 -1 -1 -1 -1 -1 -1 -1 -1 -1 -1 -1 -1 -1 -1 -1 -1 -1 -1 -1 -1 -1 -1 -1 -1 -1 -1 -1 -1 -1 -1 -1 -1 -1 -1 -1 -1 -1 -1 -1 -1 -1 -1 -1 -1 -1 -1 -1 -1 -1 -1 -1 -1 -1 -1 -1 -1 -1 -1 -1 -1 	0	1001
0 1 0 1 1 1 0 0 0 0 1 0 0 1 0 1 1 0 1 0 0 0 0 0 1 1 1 0 0 1 1 1 0 1 1 1 0 0 1 0 0 0 1 1 0 1 1 1 0 0 0 1 1 1 1 1 1 0 0 1 1 0 0 0 1 1 0 0 0 1 0 0 1 0 1 1 1 1 0 1 1 1 1 0 1 1 1 1 0 1 1 1 1 1 1 0 1 1 1 0 	0 64 0 64 64 64 0 0 0 0 64 0 0 64 0 64 64 0 64 0 0 0 0 0 64 64 64 0 0 64 64 64 0 64 64 64 0 0 64 0 0 0 64 64 0 64 64 64 0 0 0 64 64 64 64 64 64 0 0 64 64 0 0 0 64 64 0 0 0 64 0 0 64 0 64 64 64 64 0 64 64 64 64 0 64 64 64 64 0 64 64 64 64 64 64 0 64 64 64 0 	195	359
-1 -1 -1 -1 -1 -1 -1 -1 -1 -1 -1 -1 -1 -1 -1 -1 -1 -1 -1 -1 -1 -1 -1 -1 -1 -1 -1 -1 -1 -1 -1 -1 -1 -1 -1 -1 -1 -1 -1 -1 -1 -1 -1 -1 -1 -1 -1 -1 -1 -1 -1 -1 -1 -1 -1 -1 -1 -1 -1 -1 -1 -1 -1 -1 -1 -1 -1 -1 -1 -1 -1 -1 -1 -1 -1 -1 -1 -1 -1 -1 -1 -1 -1 -1 -1 -1 -1 -1 -1 -1 -1 -1 -1 -1 -1 -1 -1 -1 -1 -1 	0	1001
0 1 0 1 1 1 0 0 0 0 0 0 1 1 0 0 1 0 1 0 1 0 0 0 1 1 1 0 0 1 1 1 0 1 1 0 0 1 1 0 1 0 0 1 0 1 1 1 0 0 1 1 1 0 1 1 1 0 0 1 1 0 1 1 1 0 1 1 0 1 0 0 1 0 1 1 0 1 0 1 0 1 1 0 1 0 1 1 1 1 1 1 0 1 0 0 0 1 1 0 	0 64 0 64 64 64 0 0 0 0 0 0 64 64 0 0 64 0 64 0 64 0 0 0 64 64 64 0 0 64 64 64 0 64 64 0 0 64 64 0 64 0 0 64 0 64 64 64 0 0 64 64 64 0 64 64 64 0 0 64 64 0 64 64 64 0 64 64 0 64 0 0 64 0 64 64 0 64 0 64 0 64 64 0 64 0 64 64 64 64 64 64 0 64 0 0 0 64 64 0 	195	456
0 1 0 1 1 1 0 0 0 0 1 0 0 1 0 1 1 0 1 0 0 0 0 0 1 1 1 0 0 1 1 1 0 1 1 0 0 0 1 0 0 0 1 1 0 1 1 1 0 0 0 1 1 1 1 1 1 0 0 1 1 0 0 0 1 1 0 0 0 1 0 0 1 0 1 1 1 1 0 1 1 1 1 0 1 1 1 1 0 1 1 1 1 1 1 0 1 1 1 0 	0 64 0 64 64 64 0 0 0 0 64 0 0 64 0 64 64 0 64 0 0 0 0 0 64 64 64 0 0 64 64 64 0 64 64 0 0 0 64 0 0 0 64 64 0 64 64 64 0 0 0 64 64 64 64 64 64 0 0 64 64 0 0 0 64 64 0 0 0 64 0 0 64 0 64 64 64 64 0 64 64 64 64 0 64 64 64 64 0 64 64 64 64 64 64 0 64 64 64 0 	195	455
-1 -1 -1 -1 -1 -1 -1 -1 -1 -1 -1 -1 -1 -1 -1 -1 -1 -1 -1 -1 -1 -1 -1 -1 -1 -1 -1 -1 -1 -1 -1 -1 -1 -1 -1 -1 -1 -1 -1 -1 -1 -1 -1 -1 -1 -1 -1 -1 -1 -1 -1 -1 -1 -1 -1 -1 -1 -1 -1 -1 -1 -1 -1 -1 -1 -1 -1 -1 -1 -1 -1 -1 -1 -1 -1 -1 -1 -1 -1 -1 -1 -1 -1 -1 -1 -1 -1 -1 -1 -1 -1 -1 -1 -1 -1 -1 -1 -1 -1 -1 	0	1001
-1 -1 -1 -1 -1 -1 -1 -1 -1 -1 -1 -1 -1 -1 -1 -1 -1 -1 -1 -1 -1 -1 -1 -1 -1 -1 -1 -1 -1 -1 -1 -1 -1 -1 -1 -1 -1 -1 -1 -1 -1 -1 -1 -1 -1 -1 -1 -1 -1 -1 -1 -1 -1 -1 -1 -1 -1 -1 -1 -1 -1 -1 -1 -1 -1 -1 -1 -1 -1 -1 -1 -1 -1 -1 -1 -1 -1 -1 -1 -1 -1 -1 -1 -1 -1 -1 -1 -1 -1 -1 -1 -1 -1 -1 -1 -1 -1 -1 -1 -1 	0	1001
0 1 0 1 1 1 0 0 0 0 0 0 1 1 0 1 1 0 1 0 0 0 0 0 1 1 1 1 0 1 1 1 0 1 1 0 0 0 1 0 0 0 0 1 0 1 1 1 0 0 0 0 1 1 1 1 1 0 0 1 1 0 0 1 1 0 0 0 0 1 0 0 1 0 1 1 0 1 0 1 0 1 1 0 1 0 1 1 1 1 1 1 0 1 0 0 1 1 1 0 	0 64 0 64 64 64 0 0 0 0 0 0 64 64 0 64 64 0 64 0 63 0 0 0 64 64 64 64 0 64 64 64 0 64 64 63 0 0 64 0 0 0 0 64 0 64 64 64 0 0 63 61 64 64 64 64 64 0 0 64 64 0 0 64 64 0 0 63 0 64 0 0 64 0 64 64 63 64 0 64 0 64 64 0 64 61 64 64 64 64 64 64 63 64 0 0 64 64 64 0 	260	457
-1 -1 -1 -1 -1 -1 -1 -1 -1 -1 -1 -1 -1 -1 -1 -1 -1 -1 -1 -1 -1 -1 -1 -1 -1 -1 -1 -1 -1 -1 -1 -1 -1 -1 -1 -1 -1 -1 -1 -1 -1 -1 -1 -1 -1 -1 -1 -1 -1 -1 -1 -1 -1 -1 -1 -1 -1 -1 -1 -1 -1 -1 -1 -1 -1 -1 -1 -1 -1 -1 -1 -1 -1 -1 -1 -1 -1 -1 -1 -1 -1 -1 -1 -1 -1 -1 -1 -1 -1 -1 -1 -1 -1 -1 -1 -1 -1 -1 -1 -1 	0	1001
0 1 0 1 1 1 0 0 0 0 0 0 1 1 0 0 1 0 1 0 1 0 0 0 1 1 1 0 0 1 1 1 0 1 1 0 0 1 1 0 1 0 0 1 0 1 1 1 0 0 1 1 1 0 1 1 1 0 0 1 1 0 1 1 1 0 1 1 0 1 0 0 1 0 1 1 0 1 0 1 0 1 1 0 1 0 1 1 1 1 1 1 0 1 0 0 0 1 1 0 	0 64 0 64 64 64 0 0 0 0 0 0 64 64 0 0 64 0 64 0 64 0 0 0 64 64 64 0 0 64 64 64 0 64 64 0 0 64 64 0 64 0 0 64 0 64 64 64 0 0 64 64 64 0 64 64 64 0 0 64 64 0 64 64 64 0 64 64 0 64 0 0 64 0 64 64 0 64 0 64 0 64 64 0 64 0 64 64 64 64 64 64 0 64 0 0 0 64 64 0 	195	582
0 1 0 1 1 1 0 0 0 0 0 0 1 1 0 0 1 0 1 0 1 0 0 0 1 1 1 0 0 1 1 1 0 1 1 0 0 1 1 0 1 0 0 1 0 1 1 1 0 0 1 1 1 0 1 1 1 0 0 1 1 0 1 1 1 0 1 1 0 1 0 0 1 0 1 1 0 1 0 1 0 1 1 0 1 0 1 1 1 1 1 1 0 1 0 0 0 1 1 0 	0 64 0 64 64 64 0 0 0 0 0 0 64 64 0 0 64 0 64 0 64 0 0 0 64 64 64 0 0 64 64 64 0 64 64 0 0 64 64 0 64 0 0 64 0 64 64 64 0 0 64 64 64 0 64 64 64 0 0 64 64 0 64 64 64 0 64 64 0 64 0 0 64 0 64 64 0 64 0 64 0 64 64 0 64 0 64 64 64 64 64 64 0 64 0 0 0 64 64 0 	195	453
0 1 0 1 1 1 0 0 0 0 1 0 0 1 0 1 1 0 1 0 0 0 0 0 1 1 1 0 0 1 1 1 0 1 1 0 0 0 1 0 0 0 1 1 0 1 1 1 0 0 0 1 1 1 1 1 1 0 0 1 1 0 0 0 1 1 0 0 0 1 0 0 1 0 1 1 1 1 0 1 1 1 1 0 1 1 1 1 0 1 1 1 1 1 1 0 1 1 1 0 	0 64 0 64 64 64 0 0 0 0 64 0 0 64 0 64 64 0 64 0 0 0 0 0 64 64 64 0 0 64 64 64 0 64 64 0 0 0 64 0 0 0 64 64 0 64 64 64 0 0 0 64 64 64 64 64 64 0 0 64 64 0 0 0 64 64 0 0 0 64 0 0 64 0 64 64 64 64 0 64 64 64 64 0 64 64 64 64 0 64 64 64 64 64 64 0 64 64 64 0 	195	391
-1 -1 -1 -1 -1 -1 -1 -1 -1 -1 -1 -1 -1 -1 -1 -1 -1 -1 -1 -1 -1 -1 -1 -1 -1 -1 -1 -1 -1 -1 -1 -1 -1 -1 -1 -1 -1 -1 -1 -1 -1 -1 -1 -1 -1 -1 -1 -1 -1 -1 -1 -1 -1 -1 -1 -1 -1 -1 -1 -1 -1 -1 -1 -1 -1 -1 -1 -1 -1 -1 -1 -1 -1 -1 -1 -1 -1 -1 -1 -1 -1 -1 -1 -1 -1 -1 -1 -1 -1 -1 -1 -1 -1 -1 -1 -1 -1 -1 -1 -1 	0	1001
0 1 0 1 1 1 0 0 0 0 1 0 0 1 0 1 1 0 1 0 0 0 0 0 1 1 1 0 0 1 1 1 0 1 1 1 0 0 1 0 0 0 1 1 0 1 1 1 0 0 0 1 1 1 1 1 1 0 0 1 1 0 0 0 1 1 0 0 0 1 0 0 1 0 1 1 1 1 0 1 1 1 1 0 1 1 1 1 0 1 1 1 1 1 1 0 1 1 1 0 	0 64 0 64 64 64 0 0 0 0 64 0 0 64 0 64 64 0 64 0 0 0 0 0 64 64 64 0 0 64 64 64 0 64 64 64 0 0 64 0 0 0 64 64 0 64 64 64 0 0 0 64 64 64 64 64 64 0 0 64 64 0 0 0 64 64 0 0 0 64 0 0 64 0 64 64 64 64 0 64 64 64 64 0 64 64 64 64 0 64 64 64 64 64 64 0 64 64 64 0 	195	390
-1 -1 -1 -1 -1 -1 -1 -1 -1 -1 -1 -1 -1 -1 -1 -1 -1 -1 -1 -1 -1 -1 -1 -1 -1 -1 -1 -1 -1 -1 -1 -1 -1 -1 -1 -1 -1 -1 -1 -1 -1 -1 -1 -1 -1 -1 -1 -1 -1 -1 -1 -1 -1 -1 -1 -1 -1 -1 -1 -1 -1 -1 -1 -1 -1 -1 -1 -1 -1 -1 -1 -1 -1 -1 -1 -1 -1 -1 -1 -1 -1 -1 -1 -1 -1 -1 -1 -1 -1 -1 -1 -1 -1 -1 -1 -1 -1 -1 -1 -1 	0	1001
-1 -1 -1 -1 -1 -1 -1 -1 -1 -1 -1 -1 -1 -1 -1 -1 -1 -1 -1 -1 -1 -1 -1 -1 -1 -1 -1 -1 -1 -1 -1 -1 -1 -1 -1 -1 -1 -1 -1 -1 -1 -1 -1 -1 -1 -1 -1 -1 -1 -1 -1 -1 -1 -1 -1 -1 -1 -1 -1 -1 -1 -1 -1 -1 -1 -1 -1 -1 -1 -1 -1 -1 -1 -1 -1 -1 -1 -1 -1 -1 -1 -1 -1 -1 -1 -1 -1 -1 -1 -1 -1 -1 -1 -1 -1 -1 -1 -1 -1 -1 	0	1001
0 1 0 1 1 1 0 0 0 0 1 0 0 1 0 1 1 0 1 0 0 0 0 0 1 1 1 0 0 1 1 1 0 1 1 0 0 0 1 0 0 0 1 1 0 1 1 1 0 0 0 1 1 1 1 1 1 0 0 1 1 0 0 0 1 1 0 0 0 1 0 0 1 0 1 1 1 1 0 1 1 1 1 0 1 1 1 1 0 1 1 1 1 1 1 0 1 1 1 0 	0 64 0 64 64 64 0 0 0 0 64 0 0 64 0 64 64 0 64 0 0 0 0 0 64 64 64 0 0 64 64 64 0 64 64 15 0 0 64 0 0 0 64 64 0 64 64 64 0 0 0 64 64 64 64 64 64 0 0 64 64 0 0 0 64 64 0 15 0 64 0 0 64 0 64 64 64 64 0 64 64 64 64 0 64 64 64 64 0 64 64 64 64 64 64 0 64 64 64 0 	195	441
-1 -1 -1 -1 -1 -1 -1 -1 -1 -1 -1 -1 -1 -1 -1 -1 -1 -1 -1 -1 -1 -1 -1 -1 -1 -1 -1 -1 -1 -1 -1 -1 -1 -1 -1 -1 -1 -1 -1 -1 -1 -1 -1 -1 -1 -1 -1 -1 -1 -1 -1 -1 -1 -1 -1 -1 -1 -1 -1 -1 -1 -1 -1 -1 -1 -1 -1 -1 -1 -1 -1 -1 -1 -1 -1 -1 -1 -1 -1 -1 -1 -1 -1 -1 -1 -1 -1 -1 -1 -1 -1 -1 -1 -1 -1 -1 -1 -1 -1 -1 	0	1001
0 1 0 1 1 1 0 0 0 0 0 0 1 1 0 0 1 0 1 0 1 0 0 0 1 1 1 0 0 1 1 1 0 1 1 0 0 1 1 0 1 0 0 1 0 1 1 1 0 0 1 1 1 0 1 1 1 0 0 1 1 0 1 1 1 0 1 1 0 1 0 0 1 0 1 1 0 1 0 1 0 1 1 0 1 0 1 1 1 1 1 1 0 1 0 0 0 1 1 0 	0 64 0 64 64 64 0 0 0 0 0 0 64 64 0 0 64 0 64 0 64 0 0 0 64 64 64 0 0 64 64 64 0 64 64 0 0 64 64 0 64 0 0 64 0 64 64 64 0 0 64 64 64 0 64 64 64 0 0 64 64 0 64 64 64 0 64 64 0 64 0 0 64 0 64 64 0 64 0 64 0 64 64 0 64 0 64 64 64 64 64 64 0 64 0 0 0 64 64 0 	195	520
-1 -1 -1 -1 -1 -1 -1 -1 -1 -1 -1 -1 -1 -1 -1 -1 -1 -1 -1 -1 -1 -1 -1 -1 -1 -1 -1 -1 -1 -1 -1 -1 -1 -1 -1 -1 -1 -1 -1 -1 -1 -1 -1 -1 -1 -1 -1 -1 -1 -1 -1 -1 -1 -1 -1 -1 -1 -1 -1 -1 -1 -1 -1 -1 -1 -1 -1 -1 -1 -1 -1 -1 -1 -1 -1 -1 -1 -1 -1 -1 -1 -1 -1 -1 -1 -1 -1 -1 -1 -1 -1 -1 -1 -1 -1 -1 -1 -1 -1 -1 	0	1001
0 1 0 1 1 1 0 0 0 0 0 0 1 1 0 0 1 0 1 0 1 0 0 0 1 1 1 0 0 1 1 1 0 1 1 0 0 1 1 0 1 0 0 1 0 1 1 1 0 0 1 1 1 0 1 1 1 0 0 1 1 0 1 1 1 0 1 1 0 1 0 0 1 0 1 1 0 1 0 1 0 1 1 0 1 0 1 1 1 1 1 1 0 1 0 0 0 1 1 0 	0 64 0 64 64 64 0 0 0 0 0 0 64 64 0 0 64 0 64 0 64 0 0 0 64 64 64 0 0 64 64 64 0 64 64 0 0 64 64 0 64 0 0 64 0 64 64 64 0 0 64 64 64 0 64 64 64 0 0 64 64 0 64 64 64 0 64 64 0 64 0 0 64 0 64 64 0 64 0 64 0 64 64 0 64 0 64 64 64 64 64 64 0 64 0 0 0 64 64 0 	195	390
-1 -1 -1 -1 -1 -1 -1 -1 -1 -1 -1 -1 -1 -1 -1 -1 -1 -1 -1 -1 -1 -1 -1 -1 -1 -1 -1 -1 -1 -1 -1 -1 -1 -1 -1 -1 -1 -1 -1 -1 -1 -1 -1 -1 -1 -1 -1 -1 -1 -1 -1 -1 -1 -1 -1 -1 -1 -1 -1 -1 -1 -1 -1 -1 -1 -1 -1 -1 -1 -1 -1 -1 -1 -1 -1 -1 -1 -1 -1 -1 -1 -1 -1 -1 -1 -1 -1 -1 -1 -1 -1 -1 -1 -1 -1 -1 -1 -1 -1 -1 	0	1001
-1 -1 -1 -1 -1 -1 -1 -1 -1 -1 -1 -1 -1 -1 -1 -1 -1 -1 -1 -1 -1 -1 -1 -1 -1 -1 -1 -1 -1 -1 -1 -1 -1 -1 -1 -1 -1 -1 -1 -1 -1 -1 -1 -1 -1 -1 -1 -1 -1 -1 -1 -1 -1 -1 -1 -1 -1 -1 -1 -1 -1 -1 -1 -1 -1 -1 -1 -1 -1 -1 -1 -1 -1 -1 -1 -1 -1 -1 -1 -1 -1 -1 -1 -1 -1 -1 -1 -1 -1 -1 -1 -1 -1 -1 -1 -1 -1 -1 -1 -1 	0	1001
0 1 0 1 1 1 0 0 0 0 0 0 1 1 0 1 1 0 1 0 1 0 0 0 1 1 1 1 0 1 1 1 0 1 1 1 0 0 1 0 0 0 0 1 0 1 1 1 0 0 1 1 1 1 1 1 1 0 0 1 1 0 0 1 1 0 0 0 0 1 0 0 1 0 1 1 1 1 0 1 0 1 1 0 1 1 1 1 1 1 1 1 1 1 0 0 1 1 1 0 	0 64 0 64 64 64 0 0 0 0 0 0 64 64 0 64 64 0 64 0 64 0 0 0 64 64 64 64 0 64 64 64 0 64 64 64 0 0 64 0 0 0 0 64 0 64 64 64 0 0 64 64 64 64 64 64 64 0 0 64 64 0 0 64 64 0 0 0 0 64 0 0 64 0 64 64 64 64 0 64 0 64 64 0 64 64 64 64 64 64 64 64 64 64 0 0 64 64 64 0 	260	457
-1 -1 -1 -1 -1 -1 -1 -1 -1 -1 -1 -1 -1 -1 -1 -1 -1 -1 -1 -1 -1 -1 -1 -1 -1 -1 -1 -1 -1 -1 -1 -1 -1 -1 -1 -1 -1 -1 -1 -1 -1 -1 -1 -1 -1 -1 -1 -1 -1 -1 -1 -1 -1 -1 -1 -1 -1 -1 -1 -1 -1 -1 -1 -1 -1 -1 -1 -1 -1 -1 -1 -1 -1 -1 -1 -1 -1 -1 -1 -1 -1 -1 -1 -1 -1 -1 -1 -1 -1 -1 -1 -1 -1 -1 -1 -1 -1 -1 -1 -1 	0	1001
0 1 0 1 1 1 0 0 0 0 0 0 1 1 0 0 1 0 1 0 1 0 0 0 1 1 1 0 0 1 1 1 0 1 1 0 0 1 1 0 1 0 0 1 0 1 1 1 0 0 1 1 1 0 1 1 1 0 0 1 1 0 1 1 1 0 1 1 0 1 0 0 1 0 1 1 0 1 0 1 0 1 1 0 1 0 1 1 1 1 1 1 0 1 0 0 0 1 1 0 	0 64 0 64 64 64 0 0 0 0 0 0 64 64 0 0 64 0 64 0 64 0 0 0 64 64 64 0 0 64 64 64 0 64 64 0 0 64 64 0 64 0 0 64 0 64 64 64 0 0 64 64 64 0 64 64 64 0 0 64 64 0 64 64 64 0 64 64 0 64 0 0 64 0 64 64 0 64 0 64 0 64 64 0 64 0 64 64 64 64 64 64 0 64 0 0 0 64 64 0 	195	453
0 1 0 1 1 1 0 0 0 0 0 0 1 1 0 0 1 0 1 0 1 0 0 0 1 1 1 0 0 1 1 1 0 1 1 0 0 1 1 0 1 0 0 1 0 1 1 1 0 0 1 1 1 0 1 1 1 0 0 1 1 0 1 1 1 0 1 1 0 1 0 0 1 0 1 1 0 1 0 1 0 1 1 0 1 0 1 1 1 1 1 1 0 1 0 0 0 1 1 0 	0 64 0 64 64 64 0 0 0 0 0 0 64 64 0 0 64 0 64 0 64 0 0 0 64 64 64 0 0 64 64 64 0 64 64 0 0 64 64 0 64 0 0 64 0 64 64 64 0 0 64 64 64 0 64 64 64 0 0 64 64 0 64 64 64 0 64 64 0 64 0 0 64 0 64 64 0 64 0 64 0 64 64 0 64 0 64 64 64 64 64 64 0 64 0 0 0 64 64 0 	195	454
-1 -1 -1 -1 -1 -1 -1 -1 -1 -1 -1 -1 -1 -1 -1 -1 -1 -1 -1 -1 -1 -1 -1 -1 -1 -1 -1 -1 -1 -1 -1 -1 -1 -1 -1 -1 -1 -1 -1 -1 -1 -1 -1 -1 -1 -1 -1 -1 -1 -1 -1 -1 -1 -1 -1 -1 -1 -1 -1 -1 -1 -1 -1 -1 -1 -1 -1 -1 -1 -1 -1 -1 -1 -1 -1 -1 -1 -1 -1 -1 -1 -1 -1 -1 -1 -1 -1 -1 -1 -1 -1 -1 -1 -1 -1 -1 -1 -1 -1 -1 	0	1001
0 1 0 1 1 1 0 0 0 0 1 0 0 1 0 0 1 0 1 0 0 0 0 0 1 1 1 1 0 1 1 1 0 1 1 0 0 1 1 0 1 0 1 1 0 1 1 1 0 0 0 1 1 0 1 1 1 0 0 1 1 0 1 0 1 1 1 1 0 1 0 0 1 0 1 1 1 1 0 1 1 1 1 0 1 1 1 1 0 1 1 1 1 1 1 0 0 1 1 0 	0 64 0 64 64 64 0 0 0 0 64 0 0 64 0 0 64 0 64 0 0 0 0 0 64 64 64 64 0 64 64 64 0 64 64 0 0 64 64 0 64 0 64 64 0 64 64 64 0 0 0 64 64 0 64 64 64 0 0 64 64 0 64 0 64 64 64 64 0 64 0 0 64 0 64 64 64 64 0 64 64 64 64 0 64 64 64 64 0 64 64 64 64 64 64 0 0 64 64 0 	195	402
-1 -1 -1 -1 -1 -1 -1 -1 -1 -1 -1 -1 -1 -1 -1 -1 -1 -1 -1 -1 -1 -1 -1 -1 -1 -1 -1 -1 -1 -1 -1 -1 -1 -1 -1 -1 -1 -1 -1 -1 -1 -1 -1 -1 -1 -1 -1 -1 -1 -1 -1 -1 -1 -1 -1 -1 -1 -1 -1 -1 -1 -1 -1 -1 -1 -1 -1 -1 -1 -1 -1 -1 -1 -1 -1 -1 -1 -1 -1 -1 -1 -1 -1 -1 -1 -1 -1 -1 -1 -1 -1 -1 -1 -1 -1 -1 -1 -1 -1 -1 	0	1001
0 1 0 1 1 1 0 0 0 0 0 0 1 1 0 0 1 0 1 0 1 0 0 0 1 1 1 0 0 1 1 1 0 1 1 0 0 1 1 0 1 0 0 1 0 1 1 1 0 0 1 1 1 0 1 1 1 0 0 1 1 0 1 1 1 0 1 1 0 1 0 0 1 0 1 1 0 1 0 1 0 1 1 0 1 0 1 1 1 1 1 1 0 1 0 0 0 1 1 0 	0 64 0 64 64 64 0 0 0 0 0 0 64 64 0 0 64 0 64 0 64 0 0 0 64 64 64 0 0 64 64 64 0 64 64 0 0 64 64 0 64 0 0 64 0 64 64 64 0 0 64 64 64 0 64 64 64 0 0 64 64 0 64 64 64 0 64 64 0 64 0 0 64 0 64 64 0 64 0 64 0 64 64 0 64 0 64 64 64 64 64 64 0 64 0 0 0 64 64 0 	195	453
0 1 0 1 1 1 0 0 0 0 0 0 1 1 0 0 1 0 1 0 1 0 0 0 1 1 1 0 0 1 1 1 0 1 1 0 0 1 1 0 1 0 0 1 0 1 1 1 0 0 1 1 1 0 1 1 1 0 0 1 1 0 1 1 1 0 1 1 0 1 0 0 1 0 1 1 0 1 0 1 0 1 1 0 1 0 1 1 1 1 1 1 0 1 0 0 0 1 1 0 	0 64 0 64 64 64 0 0 0 0 0 0 64 64 0 0 64 0 64 0 64 0 0 0 64 64 64 0 0 64 64 64 0 64 64 0 0 64 64 0 64 0 0 64 0 64 64 64 0 0 64 64 64 0 64 64 64 0 0 64 64 0 64 64 64 0 64 64 0 64 0 0 64 0 64 64 0 64 0 64 0 64 64 0 64 0 64 64 64 64 64 64 0 64 0 0 0 64 64 0 	195	457
0 1 0 1 1 1 0 0 0 0 0 0 1 1 0 0 1 0 1 0 1 0 0 0 1 1 1 0 0 1 1 1 0 1 1 0 0 1 1 0 1 0 0 1 0 1 1 1 0 0 1 1 1 0 1 1 1 0 0 1 1 0 1 1 1 0 1 1 0 1 0 0 1 0 1 1 0 1 0 1 0 1 1 0 1 0 1 1 1 1 1 1 0 1 0 0 0 1 1 0 	0 64 0 64 64 64 0 0 0 0 0 0 64 64 0 0 64 0 64 0 64 0 0 0 64 64 64 0 0 64 64 64 0 64 64 0 0 64 64 0 64 0 0 64 0 64 64 64 0 0 64 64 64 0 64 64 64 0 0 64 64 0 64 64 64 0 64 64 0 64 0 0 64 0 64 64 0 64 0 64 0 64 64 0 64 0 64 64 64 64 64 64 0 64 0 0 0 64 64 0 	195	390
-1 -1 -1 -1 -1 -1 -1 -1 -1 -1 -1 -1 -1 -1 -1 -1 -1 -1 -1 -1 -1 -1 -1 -1 -1 -1 -1 -1 -1 -1 -1 -1 -1 -1 -1 -1 -1 -1 -1 -1 -1 -1 -1 -1 -1 -1 -1 -1 -1 -1 -1 -1 -1 -1 -1 -1 -1 -1 -1 -1 -1 -1 -1 -1 -1 -1 -1 -1 -1 -1 -1 -1 -1 -1 -1 -1 -1 -1 -1 -1 -1 -1 -1 -1 -1 -1 -1 -1 -1 -1 -1 -1 -1 -1 -1 -1 -1 -1 -1 -1 	0	1001
-1 -1 -1 -1 -1 -1 -1 -1 -1 -1 -1 -1 -1 -1 -1 -1 -1 -1 -1 -1 -1 -1 -1 -1 -1 -1 -1 -1 -1 -1 -1 -1 -1 -1 -1 -1 -1 -1 -1 -1 -1 -1 -1 -1 -1 -1 -1 -1 -1 -1 -1 -1 -1 -1 -1 -1 -1 -1 -1 -1 -1 -1 -1 -1 -1 -1 -1 -1 -1 -1 -1 -1 -1 -1 -1 -1 -1 -1 -1 -1 -1 -1 -1 -1 -1 -1 -1 -1 -1 -1 -1 -1 -1 -1 -1 -1 -1 -1 -1 -1 	0	1001
0 1 0 1 1 1 0 0 0 0 0 0 1 1 0 1 1 0 1 0 1 0 0 0 1 1 1 1 0 1 1 1 0 1 1 1 0 0 1 0 0 0 0 1 0 1 1 1 0 0 1 0 1 1 1 1 1 0 0 1 1 0 0 1 1 0 0 0 0 1 0 0 1 0 1 1 1 1 0 1 0 1 1 0 1 0 1 1 1 1 1 1 1 1 0 0 1 1 1 0 	0 64 0 64 64 64 0 0 0 0 0 0 64 64 0 64 64 0 64 0 64 0 0 0 64 64 64 64 0 64 64 64 0 64 64 64 0 0 64 0 0 0 0 64 0 64 64 64 0 0 64 62 64 64 64 64 64 0 0 64 64 0 0 64 64 0 0 0 0 64 0 0 64 0 64 64 64 64 0 64 0 64 64 0 64 62 64 64 64 64 64 64 64 64 0 0 64 64 64 0 	260	457
0 1 0 1 1 1 0 0 0 0 1 0 0 1 0 1 1 0 0 0 1 0 0 0 1 1 1 0 0 1 1 1 0 1 1 0 0 0 1 0 0 0 1 1 0 0 1 1 0 0 0 1 1 1 1 1 1 0 0 1 1 0 0 0 1 1 0 0 0 1 0 0 1 0 1 1 1 1 0 1 1 1 1 0 1 1 1 1 0 1 1 1 1 1 1 0 1 1 1 0 	0 64 0 64 64 64 0 0 0 0 64 0 0 64 0 64 64 0 0 0 64 0 0 0 64 64 64 0 0 64 64 64 0 64 64 63 0 0 64 63 0 0 64 64 0 0 64 64 0 0 0 64 64 64 64 64 64 0 0 64 64 0 0 0 64 64 0 63 0 64 0 0 64 0 64 64 64 64 0 64 64 64 64 0 64 64 64 64 0 64 64 64 64 64 64 0 64 64 64 0 	195	392
