num. condizioni iniziali:100
contatori ai tempi di decadimento:
25 0 12 1 0 0 0 24 41 0 11 0 0 16 8 0 36 35 0 30 0 15 6 0 0 0 0 0 4 0 36 43 0 54 0 0 0 0 28 0 0 47 0 12 4 10 0 45 1 0 52 3 0 0 13 27 10 53 0 0 50 0 0 0 49 49 24 15 8 0 0 61 20 20 49 0 35 45 60 35 0 16 0 18 0 32 14 42 0 0 20 0 0 24 33 0 13 0 56 0 
18 0 25 0 12 34 0 0 0 37 0 14 0 1 0 9 27 0 0 24 0 37 57 0 34 0 52 0 0 0 19 0 47 0 0 0 48 0 11 0 27 48 11 0 25 47 0 0 19 26 0 15 28 0 0 17 60 0 36 21 0 38 61 0 48 5 0 0 0 29 29 0 0 30 40 11 0 0 0 0 13 0 22 0 28 23 0 16 0 0 0 44 30 0 0 33 0 20 60 0 
0 0 12 0 9 0 0 54 0 36 52 0 0 0 0 0 0 3 0 0 2 0 0 0 44 0 5 0 21 0 36 57 0 0 42 0 0 0 0 10 0 0 0 42 0 20 50 18 6 35 49 26 31 63 0 0 0 35 5 0 0 0 64 0 15 53 0 4 0 0 11 0 51 0 0 0 38 28 0 0 44 0 44 0 9 0 6 0 37 46 0 0 0 19 25 53 0 0 62 2 
0 25 45 7 57 23 8 48 8 0 62 36 0 0 0 31 0 0 0 55 2 17 46 10 0 22 0 22 0 17 14 0 39 0 0 13 0 39 0 20 41 26 33 0 0 0 0 53 47 32 0 0 8 0 0 0 16 43 0 52 0 0 0 20 0 33 31 35 23 9 0 0 31 0 0 10 0 0 33 0 54 52 0 58 0 39 0 23 0 0 0 0 47 0 0 22 38 0 0 0 
60 0 0 43 0 6 9 0 0 0 0 0 35 14 32 0 0 32 0 25 63 0 0 62 0 0 0 0 0 63 59 0 0 57 0 33 0 0 47 0 27 39 56 52 0 0 27 29 52 0 37 0 5 0 15 28 0 30 18 63 0 24 33 0 8 28 0 0 0 0 0 0 0 0 18 0 6 47 0 58 0 0 0 58 0 52 0 49 0 0 0 59 0 0 0 0 0 2 0 7 
0 62 17 0 44 16 0 0 51 0 39 45 0 54 42 52 0 27 0 0 0 0 5 0 0 0 63 0 0 44 57 0 0 0 45 0 26 0 50 22 9 11 5 0 0 38 15 53 32 8 6 0 0 0 0 0 0 21 34 14 10 55 9 52 19 0 53 55 34 58 6 0 0 28 36 0 28 0 0 11 51 43 37 6 21 46 63 40 46 61 0 0 49 43 59 0 50 0 0 29 
25 60 45 35 38 43 58 0 0 0 54 17 13 0 0 61 35 43 27 41 44 17 0 16 0 8 0 6 0 47 0 0 35 0 4 61 0 20 0 0 0 0 4 42 3 0 3 27 0 0 0 0 43 38 30 0 0 0 56 0 0 0 0 0 0 27 0 24 0 0 7 0 35 54 0 0 0 48 26 0 0 37 63 0 56 0 49 0 0 0 26 52 40 50 57 50 0 29 0 0 
56 5 0 59 0 25 39 0 0 0 0 62 21 0 13 0 64 43 0 0 0 28 0 64 55 63 0 59 0 0 0 0 0 43 53 34 0 51 0 21 64 52 0 0 0 8 33 0 60 0 0 49 0 21 22 0 61 33 0 49 63 0 0 0 0 0 19 0 0 48 48 0 0 0 58 5 0 22 0 0 27 59 45 39 50 6 0 0 61 57 40 45 17 5 54 2 17 0 0 11 
0 57 0 1 6 18 54 0 0 0 0 0 0 0 33 0 63 0 0 0 0 0 10 60 0 0 0 0 0 0 13 0 0 0 0 40 45 0 0 63 0 62 0 9 20 33 10 43 0 56 0 0 22 22 0 0 0 0 45 0 0 32 0 0 28 59 0 0 2 7 0 0 0 56 59 0 0 0 12 25 0 53 0 25 0 16 31 0 62 0 0 5 30 0 0 15 2 0 39 40 
0 13 21 0 19 10 0 18 0 0 22 0 0 0 0 0 0 0 0 0 3 0 0 16 0 59 25 0 0 0 42 28 0 15 0 0 0 0 0 0 0 8 37 29 48 0 0 0 39 51 0 0 0 36 3 27 16 0 0 58 42 0 0 6 0 0 0 0 36 25 31 5 22 33 0 0 0 52 0 0 0 56 0 0 0 60 0 0 25 0 0 0 0 16 1 0 22 11 46 0 
0 64 27 0 0 0 0 0 0 0 0 32 29 44 0 17 0 46 53 0 24 0 0 10 0 12 54 0 20 0 53 57 60 0 0 14 12 0 11 21 0 54 11 0 0 0 62 44 9 0 0 0 44 0 17 15 0 0 56 0 0 42 54 0 23 0 0 0 0 0 0 1 0 44 2 0 0 25 60 0 4 50 60 42 38 45 52 0 19 0 38 0 48 37 0 0 26 23 18 1 
7 0 26 30 0 0 0 39 0 11 0 2 51 55 0 0 0 24 30 40 30 0 37 0 35 40 0 0 1 0 0 0 39 26 0 0 39 0 33 0 21 0 0 3 60 0 36 19 0 0 45 15 45 31 0 0 21 62 0 4 0 0 0 34 36 53 0 0 0 12 0 1 23 39 0 60 0 0 25 0 0 0 44 0 0 63 0 0 60 47 32 41 0 0 27 32 11 29 24 0 
0 26 0 42 30 0 0 0 0 0 0 53 58 4 23 23 1 0 25 52 0 50 0 38 0 0 0 0 0 48 4 0 0 32 0 4 0 14 29 48 9 0 0 0 52 0 2 0 64 0 44 0 61 0 0 0 0 10 9 14 17 51 61 0 5 0 0 48 18 0 0 3 30 0 33 33 0 0 63 0 23 50 0 0 0 42 14 0 0 16 0 0 0 0 19 0 0 0 0 1 
55 0 21 0 27 35 47 11 0 50 48 0 0 0 0 44 33 0 37 1 0 0 0 26 0 4 62 0 52 0 33 18 1 55 0 36 25 63 0 0 0 0 22 0 64 17 0 0 0 18 0 50 0 9 8 57 0 0 49 0 0 16 30 0 0 58 15 56 27 0 41 12 35 27 31 0 0 0 2 0 10 0 0 0 0 31 46 0 0 36 0 0 0 0 63 0 0 31 0 6 
0 49 13 0 40 35 0 0 25 17 44 30 41 0 0 0 0 0 0 25 43 56 5 0 0 51 0 58 11 62 55 9 0 11 0 27 29 3 0 0 0 0 0 0 64 4 0 48 42 45 0 44 25 25 22 0 0 18 18 0 0 7 25 14 0 0 1 3 0 0 49 22 0 0 6 0 0 0 0 0 0 53 59 10 19 0 0 54 0 17 40 32 0 0 63 59 16 0 0 21 
0 58 0 0 0 35 54 0 0 27 0 53 4 0 57 33 45 0 9 37 0 35 8 0 0 24 11 0 0 55 33 0 0 0 22 0 0 0 16 64 20 63 0 0 0 0 56 3 55 32 0 0 53 60 29 45 0 14 0 0 0 23 0 58 0 32 0 8 0 0 62 0 0 2 0 0 0 26 0 46 43 0 42 64 25 59 0 36 0 6 0 8 49 46 51 0 40 0 34 0 
29 0 47 0 24 2 8 0 0 35 11 55 42 3 0 5 0 0 6 20 0 0 0 0 0 33 3 0 37 0 0 0 14 8 39 0 48 0 9 0 0 0 11 5 0 54 53 0 24 21 42 0 62 38 12 13 0 0 33 0 59 53 21 0 11 42 8 0 0 0 0 22 49 0 0 0 0 59 34 12 48 0 4 0 28 0 0 27 0 0 0 0 55 0 3 4 0 40 0 0 
0 0 0 0 0 17 5 37 6 0 51 57 57 0 0 44 0 52 29 40 60 0 0 0 0 0 35 59 0 31 21 0 0 0 50 0 11 0 61 0 0 24 50 49 3 4 0 26 0 0 25 0 6 0 0 18 50 30 0 28 0 20 25 45 0 0 0 44 2 0 37 31 25 0 0 16 0 0 15 0 38 9 0 26 0 0 39 0 28 0 49 0 0 0 42 0 6 0 0 0 
29 11 0 0 0 58 0 0 41 2 0 0 39 47 19 0 0 0 37 0 3 55 0 0 0 0 55 32 50 14 20 51 40 0 0 2 0 11 0 0 22 19 0 0 0 62 44 6 19 0 12 63 23 57 56 25 0 0 0 30 0 0 11 54 2 5 0 0 11 48 10 0 51 0 0 40 0 2 0 0 11 17 0 0 61 0 62 43 45 0 24 52 54 36 0 60 0 0 0 0 
47 0 0 27 52 30 0 35 0 0 0 37 46 0 16 21 32 41 0 0 0 0 51 0 0 39 12 0 34 0 33 0 0 60 24 8 35 3 63 12 0 51 0 49 0 0 0 0 15 0 15 0 25 0 0 0 0 0 54 26 0 60 32 17 0 0 23 0 0 0 0 35 0 49 0 36 0 0 0 62 8 52 0 14 0 0 0 21 0 63 0 0 64 13 59 53 26 33 55 0 
64 7 0 0 0 23 33 0 0 0 63 0 0 43 30 0 0 0 37 19 0 48 26 29 14 60 0 0 0 47 0 53 0 60 0 36 54 3 43 61 7 0 3 0 0 0 33 8 25 0 0 11 51 0 44 21 8 0 61 0 0 0 37 0 0 0 39 0 24 55 36 0 34 52 53 12 0 49 0 54 1 57 1 1 11 26 0 24 34 64 0 24 0 0 0 8 0 0 0 0 
0 46 0 2 0 0 0 0 0 11 62 0 18 0 34 9 52 31 0 0 33 27 0 0 0 26 0 49 34 0 43 0 0 0 0 37 0 12 2 0 46 0 0 0 0 53 29 16 24 25 42 56 59 53 58 0 0 29 0 0 31 12 0 57 0 6 0 13 63 0 0 31 0 40 0 20 53 1 58 59 9 0 0 0 21 51 25 0 0 0 0 56 44 63 49 17 57 0 0 49 
7 24 52 32 5 49 0 52 32 0 0 10 32 24 0 0 43 36 62 28 28 3 51 0 40 0 0 53 0 0 20 6 42 27 0 0 1 9 0 5 37 0 0 35 25 20 0 41 0 0 0 53 3 42 0 0 0 50 0 0 49 17 0 31 0 0 41 0 0 0 0 29 54 59 33 0 1 36 0 14 0 0 0 35 0 0 35 0 59 0 0 0 0 64 16 0 47 25 58 13 
0 41 11 34 0 31 61 47 24 34 0 7 0 0 0 0 45 0 0 59 0 1 35 0 29 33 53 0 0 5 19 0 23 53 23 0 7 0 0 35 0 0 0 0 25 0 0 0 16 43 11 0 17 58 4 49 30 44 27 0 0 0 0 61 33 0 5 59 61 8 0 0 61 49 0 9 28 9 41 42 44 0 52 0 0 47 4 0 18 22 45 34 2 2 47 0 0 0 0 10 
27 0 34 0 0 0 0 0 49 0 34 57 0 0 17 12 35 9 0 55 23 0 35 0 0 50 23 42 44 0 0 38 52 30 19 58 47 0 0 37 0 0 0 0 0 0 0 0 57 0 41 0 0 40 64 0 34 0 49 0 0 0 58 9 0 60 0 0 0 56 0 0 0 0 0 0 0 58 25 26 0 7 3 24 49 0 0 0 55 49 48 0 15 0 32 0 0 0 0 0 
51 37 0 0 15 0 2 0 57 0 0 0 62 0 40 0 0 52 14 40 0 26 58 14 0 10 0 16 0 0 15 0 59 34 0 35 0 21 50 0 0 35 26 0 46 0 32 28 4 33 5 0 0 10 0 58 52 42 0 0 0 0 0 0 0 0 0 0 0 0 32 5 45 0 0 50 55 0 0 0 0 0 17 0 0 0 0 0 11 57 0 0 0 20 0 9 0 30 44 55 
0 51 44 0 0 43 0 43 0 22 63 17 58 28 53 0 33 0 0 1 12 0 3 26 0 37 0 28 0 43 9 0 0 0 37 0 0 0 38 0 0 22 0 20 40 0 0 0 0 0 0 0 2 61 0 38 0 0 0 55 36 3 0 29 0 50 0 63 0 0 0 29 57 55 22 0 0 40 0 0 63 27 18 35 21 0 58 0 11 22 11 0 7 28 0 0 64 0 6 0 
0 0 19 0 60 61 0 20 0 0 0 0 55 0 25 0 0 0 0 0 0 0 0 0 0 0 0 0 0 31 12 0 0 0 22 7 0 16 41 0 0 60 9 42 41 0 0 0 45 0 0 8 16 0 0 9 25 0 45 50 33 9 30 20 0 12 18 0 41 25 35 0 0 0 37 37 0 0 0 0 34 0 0 20 36 0 12 64 62 63 0 39 15 38 57 34 32 13 53 0 
0 29 52 4 0 19 36 0 62 0 24 0 0 0 59 1 63 26 0 35 0 0 45 0 0 32 61 0 10 28 0 8 57 29 0 0 0 0 42 8 55 0 21 37 12 0 29 35 8 6 0 0 14 0 0 57 59 0 0 0 0 10 53 0 43 0 48 0 0 0 54 0 23 64 43 0 0 0 0 0 0 51 8 51 41 0 17 15 0 3 57 0 38 31 0 19 0 16 0 0 
39 0 0 0 0 0 16 23 0 60 0 5 0 36 0 0 23 51 0 16 0 0 0 0 34 0 60 0 10 0 0 0 0 19 0 24 14 7 0 0 39 0 38 48 0 0 0 49 0 34 37 22 0 0 0 61 26 28 0 46 0 0 33 60 43 0 0 64 15 0 20 0 0 44 3 10 20 42 0 5 0 33 0 0 9 5 8 0 25 27 13 4 36 0 0 0 58 42 0 49 
0 1 22 39 61 0 0 41 56 0 0 0 0 0 1 0 0 29 0 0 4 61 0 0 32 0 0 60 0 0 28 61 7 42 0 51 0 0 20 8 53 0 0 0 0 38 0 36 0 0 0 53 0 33 0 47 64 9 0 56 0 0 63 1 29 0 2 51 0 0 0 15 38 60 34 54 0 16 0 0 24 32 0 3 0 0 60 0 37 55 0 30 14 0 62 15 59 0 63 38 
0 62 51 52 0 0 21 51 40 0 56 58 29 0 0 0 0 62 0 22 26 12 0 0 16 57 34 56 24 25 33 0 0 0 7 64 0 14 0 50 16 0 28 46 0 32 0 0 13 59 1 51 4 14 0 0 41 29 0 0 0 0 0 14 0 43 0 0 0 0 33 38 48 12 11 31 0 0 12 58 0 20 1 0 11 0 0 52 0 12 64 32 20 0 0 0 0 0 0 0 
0 63 0 0 48 63 0 0 0 49 42 0 0 0 6 62 1 39 45 0 5 11 18 22 9 60 0 0 0 0 56 39 7 54 61 0 0 5 0 0 32 0 39 9 9 0 34 0 0 0 24 0 64 39 0 0 31 48 0 0 0 0 0 0 48 42 0 62 0 61 9 2 0 44 42 20 0 40 34 56 0 23 0 32 0 0 0 0 0 0 35 44 0 19 18 0 43 0 9 37 
0 63 22 0 56 20 45 15 18 0 0 37 59 0 23 2 55 11 0 44 0 53 0 18 36 0 63 34 0 0 50 0 0 52 43 60 0 47 0 0 57 0 48 0 61 0 0 22 59 0 40 0 43 32 0 0 36 0 0 0 0 0 13 24 37 0 0 0 0 0 0 0 36 47 0 0 0 61 57 0 43 0 0 58 38 0 32 0 0 0 28 0 52 46 27 0 5 2 0 32 
0 41 0 0 0 31 6 0 0 37 0 0 0 3 0 0 0 0 0 0 28 63 0 0 48 14 0 0 41 0 0 6 61 0 51 0 30 47 0 57 5 0 33 0 0 58 61 0 0 0 29 5 0 45 59 27 0 44 37 0 13 0 0 0 54 7 58 0 0 0 29 54 0 0 60 0 54 0 57 18 0 0 0 0 2 21 0 37 0 22 0 46 0 0 0 37 0 55 0 0 
0 13 0 48 39 43 0 0 0 0 0 0 16 0 22 0 58 45 41 0 33 19 26 3 20 13 0 49 0 0 0 0 0 17 0 27 0 0 0 0 0 0 14 0 0 59 0 0 0 2 0 9 8 2 0 0 0 46 0 21 59 6 21 3 0 0 31 0 0 3 0 0 0 54 0 20 24 8 0 64 13 0 0 0 0 0 28 0 0 0 26 0 0 29 40 7 4 0 0 0 
0 0 0 18 0 0 38 0 25 54 0 0 33 0 0 0 0 27 57 0 0 20 0 54 0 35 0 14 0 6 0 0 64 0 0 0 54 12 0 0 0 49 0 0 44 0 0 34 7 12 0 0 0 0 0 0 33 0 0 0 0 49 44 26 0 34 0 0 27 0 43 0 9 7 0 36 0 16 0 4 13 58 61 14 39 0 31 0 0 0 37 0 30 29 0 19 0 21 0 0 
51 24 0 0 19 0 0 2 0 0 62 58 35 4 48 0 0 51 20 0 6 29 0 0 0 27 11 59 0 48 24 51 0 38 0 19 0 0 0 62 0 62 43 24 0 0 0 0 50 0 0 19 0 27 0 22 48 0 11 0 0 0 0 63 1 0 0 40 32 0 26 60 25 34 0 34 6 50 64 17 52 3 0 46 44 0 35 13 24 0 53 8 0 0 0 0 41 0 23 0 
0 7 0 0 0 0 44 47 1 0 22 0 0 0 9 0 28 0 9 11 0 0 0 0 0 59 0 59 0 0 64 0 39 0 46 57 55 63 0 25 39 0 18 57 63 57 43 25 54 64 0 36 46 36 52 0 14 0 0 32 48 33 6 0 52 30 0 0 0 32 0 0 0 0 0 36 55 42 0 54 62 0 20 0 23 0 6 0 34 36 0 18 12 23 15 57 0 0 64 0 
0 63 0 10 0 12 0 0 23 0 0 0 0 0 0 0 0 57 25 0 0 0 53 33 0 0 0 20 0 36 3 0 0 35 0 8 0 9 0 8 16 0 25 25 0 0 51 0 57 0 61 25 0 0 10 0 0 0 3 45 0 0 47 0 0 24 9 0 0 0 26 50 29 49 34 0 12 20 0 0 7 39 0 0 9 0 8 0 0 0 8 34 53 12 21 25 36 0 0 0 
0 31 0 42 0 0 28 28 0 0 0 0 0 64 32 24 0 0 15 0 0 0 52 0 27 18 25 34 0 24 33 0 37 21 0 0 0 0 0 22 49 23 43 7 25 9 12 43 0 0 7 54 0 0 0 59 9 0 9 0 0 27 0 38 4 0 45 59 4 0 43 0 0 0 0 50 39 0 0 30 0 30 0 0 0 0 58 62 0 0 5 48 13 58 0 48 0 0 36 0 
0 0 42 23 0 20 0 27 0 17 0 0 0 34 48 51 49 0 0 0 0 39 0 0 0 0 11 0 36 6 0 0 0 0 0 0 34 28 0 0 34 48 39 0 12 0 62 39 0 51 44 8 0 11 58 13 0 6 8 29 14 0 52 63 0 32 25 0 11 0 0 0 0 0 0 24 0 0 36 42 50 11 48 36 0 61 28 0 0 29 0 29 30 0 0 0 0 0 0 56 
23 0 0 10 0 47 0 0 0 0 27 0 5 0 0 0 0 0 55 0 0 13 33 54 0 0 37 30 0 0 0 21 0 0 12 0 10 48 0 52 17 3 49 30 35 0 48 52 0 0 54 0 39 41 10 0 33 15 11 31 0 48 43 0 36 44 0 0 0 6 0 0 24 0 37 15 0 0 32 54 0 0 4 18 51 28 4 0 63 61 0 42 0 0 23 0 0 30 0 0 
0 0 0 34 0 30 0 0 10 21 0 0 0 59 34 27 12 45 12 2 44 0 38 0 0 0 19 41 0 6 56 0 46 0 0 24 0 0 58 0 48 24 48 20 34 2 0 28 0 30 49 11 64 0 0 0 49 46 0 0 0 36 0 0 0 0 7 0 0 64 59 0 60 10 57 46 0 35 0 21 0 7 0 54 9 20 0 0 0 37 0 0 35 0 0 0 64 0 30 0 
29 0 53 0 9 0 0 46 61 46 0 0 60 14 51 0 0 49 0 36 27 47 55 0 40 0 0 0 45 4 2 45 0 0 48 0 0 0 39 8 12 53 0 0 12 0 41 0 0 0 18 61 0 0 40 0 26 0 20 41 0 0 0 46 0 0 29 14 56 0 26 0 0 62 0 24 0 37 0 37 41 0 36 51 0 0 0 0 0 31 24 22 56 0 12 0 0 0 43 0 
2 21 1 0 58 23 0 51 0 11 6 37 33 0 7 0 0 0 58 41 0 4 43 40 32 1 2 0 2 0 2 0 0 9 13 39 48 58 32 0 0 0 0 55 38 0 45 0 1 27 4 18 43 12 45 9 30 20 0 0 0 7 58 1 0 0 28 27 0 16 0 0 0 0 0 30 0 50 53 0 14 0 0 0 0 48 0 0 0 23 0 0 24 0 5 0 42 0 0 0 
0 0 0 18 0 0 0 32 12 62 0 0 6 0 0 0 0 32 0 22 0 0 0 0 25 3 0 0 62 10 55 37 0 0 52 50 16 61 1 0 0 0 16 0 24 0 0 23 52 0 0 50 50 11 0 0 0 12 59 0 0 0 56 0 25 18 0 0 0 52 48 0 0 0 35 10 0 0 32 40 0 0 0 6 0 0 0 62 0 43 0 0 0 0 7 52 0 0 12 0 
61 56 0 40 51 43 0 0 36 30 19 36 24 0 38 44 50 22 24 16 14 0 0 53 0 0 0 0 0 27 43 28 41 31 45 9 39 0 39 16 0 33 18 43 23 32 0 29 0 49 41 17 58 0 0 26 0 0 49 0 14 7 56 9 0 57 50 22 0 11 0 0 0 0 0 20 0 57 61 0 58 34 0 22 0 8 0 19 1 0 18 56 0 0 0 49 0 20 8 0 
0 0 1 0 0 0 0 0 61 5 0 0 6 0 0 25 50 0 51 0 35 0 0 0 37 0 31 12 0 0 0 0 4 0 19 35 0 0 0 0 60 9 33 0 63 38 52 0 0 0 0 0 43 23 19 3 57 40 31 52 16 0 34 59 0 18 0 54 0 5 54 7 0 6 0 14 18 0 0 36 0 11 0 0 13 0 40 0 48 0 45 33 46 0 0 7 0 34 0 37 
29 31 33 61 0 0 29 0 0 40 43 60 63 20 0 45 0 58 23 7 28 2 7 0 3 16 0 0 40 37 0 55 28 55 0 0 0 0 52 20 36 35 46 15 50 0 0 0 0 18 14 0 36 58 18 13 48 0 0 50 0 59 0 0 0 45 0 0 35 0 25 40 50 0 17 63 0 0 13 0 0 36 0 0 0 9 2 0 0 18 0 0 0 0 0 0 0 0 0 19 
32 0 0 19 33 0 0 0 59 16 0 0 62 0 54 60 0 54 16 8 44 0 0 0 57 0 0 0 43 0 0 54 7 1 51 7 49 61 0 0 64 0 0 57 54 36 0 17 3 63 0 20 54 23 38 0 62 0 0 0 0 0 0 52 0 12 0 0 47 0 20 57 8 0 0 61 60 0 0 39 13 0 0 44 59 18 26 0 0 40 0 52 0 15 0 18 0 4 22 0 
11 0 0 4 63 0 0 1 0 0 0 17 0 32 4 62 26 50 0 0 32 0 31 25 0 0 17 0 0 23 0 58 45 0 0 18 1 0 0 0 46 1 46 0 64 2 0 0 37 61 0 0 0 29 45 0 10 0 22 0 59 22 0 0 20 0 0 16 0 44 29 0 0 29 0 0 54 56 0 40 0 0 0 17 5 30 0 0 48 0 0 0 61 0 3 0 59 17 63 0 
28 36 0 40 0 0 27 0 0 57 0 0 57 55 8 0 3 43 0 16 0 0 0 21 37 0 33 0 0 0 33 48 38 0 0 2 50 0 59 0 47 0 34 40 50 0 64 53 60 17 0 0 2 0 35 0 42 32 59 49 62 61 0 34 57 40 4 0 0 0 12 0 56 0 0 29 0 49 0 0 5 36 28 0 7 0 0 7 58 0 55 35 0 0 38 0 0 49 23 0 
0 0 0 0 0 57 0 58 46 0 21 60 54 0 0 41 0 40 12 0 34 55 0 0 0 0 63 0 9 0 60 38 0 55 8 0 12 0 53 0 0 0 0 32 0 0 0 1 0 15 61 0 35 53 32 22 12 0 58 5 54 0 15 2 21 29 0 0 0 0 0 11 47 0 0 0 6 12 0 6 28 21 0 0 0 0 59 0 0 17 0 0 0 42 59 0 0 0 12 0 
54 56 0 0 0 0 46 0 27 0 0 0 0 0 64 0 0 0 0 37 37 0 25 22 0 7 0 61 59 0 28 47 0 0 0 0 0 0 24 0 0 0 0 21 0 12 0 36 12 34 0 0 0 22 0 31 0 0 4 6 27 0 10 18 0 46 6 0 7 52 21 10 0 37 0 62 0 0 44 23 0 0 0 8 7 0 12 0 0 0 0 7 0 0 0 0 0 0 0 0 
0 0 13 55 0 17 0 0 0 0 0 0 22 28 0 37 0 32 59 60 0 0 0 61 0 0 48 0 0 0 24 27 0 0 0 34 29 0 21 0 42 21 0 0 33 0 63 0 52 0 17 54 41 43 0 13 36 32 0 28 58 0 53 3 45 0 6 43 11 0 0 0 0 0 0 0 30 0 5 0 18 0 1 5 0 0 36 0 49 0 0 0 41 0 0 0 20 0 36 31 
20 5 0 50 0 0 2 0 0 22 0 0 63 0 0 0 62 48 0 0 17 56 0 59 40 0 0 0 0 36 0 59 12 45 11 8 0 45 50 0 56 0 0 60 0 0 0 0 62 37 0 35 43 0 0 0 0 40 0 0 2 0 0 0 41 27 7 39 12 13 0 47 25 27 57 33 7 48 35 47 0 0 6 56 0 0 5 49 0 58 15 8 0 49 29 42 0 0 6 62 
0 0 16 0 35 52 0 0 51 0 0 0 26 0 41 0 53 42 31 0 0 49 24 63 42 25 0 0 18 0 7 0 28 0 19 58 4 37 0 0 0 0 64 0 0 10 0 32 0 7 4 58 0 33 2 16 0 27 0 16 27 0 0 0 18 0 0 27 54 17 0 0 0 0 0 0 0 4 2 0 60 0 23 0 0 2 0 0 0 0 12 0 0 0 0 37 32 45 0 2 
6 0 9 0 1 0 50 0 0 19 0 5 0 0 2 0 0 0 40 43 0 51 58 32 45 0 42 5 0 62 41 8 61 30 0 0 0 0 47 47 0 36 6 0 0 0 0 37 0 0 0 46 26 0 0 0 0 0 0 46 0 0 63 0 54 0 23 37 23 56 15 0 0 0 28 24 0 46 0 43 0 15 44 28 0 10 0 20 40 0 55 0 0 0 55 0 0 56 0 53 
37 0 5 0 59 47 0 34 0 0 0 0 64 25 0 0 10 0 32 58 0 11 6 34 54 0 0 0 33 62 30 0 42 53 29 0 22 0 0 27 56 32 0 0 42 63 0 46 0 50 16 0 0 0 0 34 0 52 26 52 11 10 64 53 0 0 57 0 58 13 0 3 46 0 0 10 0 43 0 0 4 7 0 52 31 59 45 13 0 33 0 40 0 27 0 35 0 0 0 0 
0 0 0 0 0 7 48 52 0 0 0 0 0 63 0 0 0 34 0 0 15 0 0 41 0 0 0 0 0 0 10 0 0 26 0 11 0 0 26 59 0 0 60 64 0 0 0 0 0 30 62 0 0 0 61 1 0 24 0 0 41 0 59 0 39 0 0 0 43 55 49 30 53 17 0 4 26 16 0 54 33 0 4 29 11 20 11 63 38 0 43 0 60 24 28 37 62 59 18 0 
42 0 0 51 36 0 64 18 30 55 0 0 10 52 0 0 0 0 0 44 43 20 30 0 0 0 0 0 0 25 10 0 29 0 61 0 31 0 61 54 0 13 0 0 42 60 0 30 44 0 0 14 30 0 0 36 0 0 49 48 0 0 46 32 0 64 0 55 43 28 0 0 46 0 27 55 20 48 43 0 0 0 37 22 0 10 48 42 0 0 0 0 51 33 0 13 0 0 1 0 
15 0 0 0 0 0 0 4 1 0 0 0 46 34 31 60 0 0 56 0 0 50 0 24 24 56 15 34 51 0 39 0 41 52 0 0 0 0 19 41 0 0 18 0 0 0 0 63 53 0 14 33 0 0 60 11 17 0 40 37 0 0 0 0 1 26 41 0 0 0 0 24 0 0 46 27 38 0 0 0 11 0 58 41 0 0 32 0 0 0 6 35 32 0 0 0 62 11 0 45 
0 0 27 0 27 0 0 0 0 64 0 0 0 19 38 2 23 0 60 56 53 54 31 35 0 0 53 26 12 21 43 8 0 0 0 30 2 0 0 0 0 47 0 0 0 6 4 30 60 0 53 14 0 0 45 0 0 37 1 0 0 0 0 63 59 0 13 0 0 0 0 0 0 38 0 0 0 0 0 0 62 13 18 30 0 0 0 0 29 0 3 36 64 22 51 0 0 57 0 0 
0 41 21 0 55 0 5 43 10 0 39 0 52 0 0 28 14 0 1 0 0 0 42 18 25 0 31 25 58 0 0 0 34 43 14 24 0 35 32 3 0 0 0 0 5 0 0 9 0 60 0 0 26 40 0 49 0 34 53 0 24 0 5 0 0 0 59 0 14 13 0 0 0 3 0 0 48 25 10 0 0 0 61 57 57 4 0 37 0 0 8 3 0 43 0 29 2 0 0 0 
45 0 33 0 0 39 32 21 4 0 23 45 45 0 4 0 37 0 0 48 0 60 62 0 0 0 0 0 44 13 44 0 46 0 47 0 0 21 0 22 0 0 0 9 30 36 44 24 62 14 0 0 0 0 0 58 39 0 0 36 0 0 8 0 61 0 0 0 62 2 0 23 4 5 0 0 0 30 26 59 26 0 0 0 0 0 0 49 0 43 29 0 63 2 0 0 0 37 0 0 
10 25 2 40 0 0 0 37 0 30 34 0 0 35 0 6 14 51 0 2 43 62 0 56 0 0 0 0 0 27 2 50 0 0 0 9 16 27 39 0 39 22 0 0 21 57 19 37 0 0 0 0 0 0 31 0 61 10 0 63 0 26 32 53 63 57 38 0 0 0 14 0 16 37 5 0 0 0 25 0 26 54 0 0 0 0 26 37 22 0 44 50 0 60 0 0 0 53 45 0 
0 0 0 16 3 62 32 0 27 0 0 0 0 0 0 2 50 0 0 0 54 64 0 57 0 31 0 51 0 0 0 0 34 7 27 0 0 37 0 58 20 54 0 1 0 51 22 8 0 41 53 0 47 14 38 0 0 54 0 14 1 52 31 14 8 47 34 0 0 0 0 0 0 41 0 2 53 0 0 44 63 0 46 49 45 0 64 0 0 0 0 0 0 2 0 0 0 0 5 0 
0 40 13 53 13 0 0 56 0 8 0 0 12 0 23 2 35 62 47 49 52 4 39 0 0 0 0 0 60 0 0 0 0 16 0 63 0 0 61 0 0 0 0 41 49 0 0 15 0 25 0 14 0 0 0 0 13 0 26 7 51 0 60 0 0 14 0 0 44 36 0 4 53 33 0 0 57 0 21 51 0 0 27 41 0 31 52 3 28 0 9 62 0 0 0 40 39 56 5 7 
44 24 0 0 60 21 6 5 0 14 32 37 0 7 0 0 50 0 54 0 4 53 62 0 0 14 42 23 0 0 42 0 0 18 0 0 22 0 10 0 37 0 0 0 61 47 0 0 18 0 0 16 21 0 0 25 32 0 0 29 41 0 0 34 0 9 10 0 0 0 23 0 0 45 32 55 0 0 63 52 0 0 0 63 0 0 0 0 55 61 57 0 0 6 29 0 0 0 0 8 
14 0 0 0 51 0 0 0 0 41 51 0 4 0 0 0 0 0 0 0 45 10 15 25 58 0 0 0 0 38 0 0 61 49 59 0 0 35 15 0 0 52 64 0 0 0 0 17 0 0 0 0 0 24 0 22 0 10 13 19 9 59 30 0 0 52 35 0 0 47 3 0 0 41 0 0 21 0 0 0 56 0 0 0 64 0 0 0 27 0 0 46 17 33 43 0 0 0 27 0 
0 0 54 0 51 0 0 60 36 0 0 0 0 4 31 42 0 5 0 23 0 0 36 0 0 0 0 0 0 50 20 0 0 45 0 0 41 0 0 19 27 0 0 41 13 0 0 0 0 11 0 50 34 39 20 0 0 0 0 35 0 0 0 63 0 0 0 0 0 63 5 0 0 0 0 52 23 8 64 0 0 34 0 20 0 27 0 60 61 0 0 0 28 0 12 50 0 56 0 9 
29 0 0 0 0 52 0 0 57 59 0 28 0 0 0 0 20 6 0 0 0 0 30 25 63 0 63 0 0 0 0 30 40 49 22 35 0 0 0 6 0 60 17 0 32 0 0 0 57 0 56 0 0 0 0 34 0 7 55 0 0 44 0 0 25 26 16 0 8 13 0 21 0 0 8 0 0 0 0 0 59 0 0 0 37 18 0 50 64 0 0 0 58 37 0 0 0 0 0 57 
4 6 47 0 0 53 0 55 0 26 0 0 0 0 0 9 56 0 0 20 0 0 0 5 0 40 0 0 32 0 50 64 0 14 0 32 40 0 0 0 61 0 1 0 0 0 61 44 59 0 26 0 49 29 0 13 38 0 28 5 0 0 0 0 0 0 0 46 0 30 0 8 0 33 0 0 0 0 0 48 26 10 0 0 0 0 31 18 0 38 0 0 0 37 12 0 0 37 55 0 
50 0 0 0 16 0 46 53 0 0 0 0 17 0 0 61 30 14 0 7 60 26 2 41 38 0 19 48 62 0 26 6 0 33 0 0 0 41 44 20 19 0 5 7 0 0 0 0 35 0 56 0 53 35 0 50 0 0 0 0 11 2 0 33 0 52 0 0 39 0 0 0 0 59 38 0 0 0 0 32 33 63 0 0 0 0 18 56 22 56 0 43 15 55 40 16 40 0 0 0 
26 16 5 29 57 21 22 0 55 49 0 0 0 29 45 33 56 0 0 0 0 35 40 26 11 60 0 58 0 0 0 40 0 0 0 37 0 0 0 0 0 0 38 0 0 61 0 0 0 0 18 34 0 5 0 0 21 0 33 22 0 0 0 0 0 14 19 22 10 0 41 0 0 0 0 0 30 0 0 3 26 0 0 0 0 63 54 0 0 52 0 2 0 0 62 0 63 2 57 0 
0 0 0 42 54 16 0 13 46 0 41 1 2 0 32 0 45 0 0 0 59 0 45 0 2 0 0 0 0 45 0 0 0 0 0 34 29 38 0 0 0 17 0 0 0 0 0 0 0 51 52 58 0 25 0 0 0 36 0 60 3 0 61 54 0 0 60 0 0 64 0 4 5 0 0 0 54 31 27 33 0 0 0 0 0 50 27 0 27 0 0 34 0 17 0 3 25 5 0 0 
6 40 0 0 14 40 0 24 0 57 0 42 24 0 19 29 61 56 11 57 5 17 0 10 0 12 60 0 0 0 0 0 43 0 0 13 12 0 0 0 27 60 35 0 0 55 24 0 0 55 19 57 32 0 34 0 0 0 0 0 43 19 0 0 44 64 61 0 0 63 35 0 0 0 0 21 0 21 44 27 18 0 19 0 31 0 27 0 0 0 41 59 0 0 38 0 0 0 0 46 
18 0 0 0 43 0 0 18 0 0 0 0 5 57 0 0 0 0 46 0 0 43 36 0 0 19 54 0 23 48 0 0 11 0 15 0 0 0 0 31 0 12 0 14 42 32 0 0 27 0 49 0 0 0 0 4 9 0 45 0 0 50 0 0 16 0 0 0 27 0 0 18 0 9 26 2 0 25 57 35 0 8 0 0 0 11 19 55 12 62 0 0 50 0 0 0 0 16 34 0 
0 33 0 0 21 47 0 0 17 0 48 0 0 0 40 0 42 0 6 50 0 25 51 22 9 61 0 0 51 0 9 0 0 27 0 0 44 54 34 33 1 35 45 0 0 0 0 49 0 0 0 0 6 31 0 0 0 38 40 40 5 29 0 0 24 17 0 0 0 0 0 0 41 0 33 46 54 0 23 58 56 27 59 45 0 0 0 0 13 0 15 18 55 0 35 0 0 0 0 0 
6 16 0 0 0 50 0 0 14 0 7 9 0 0 0 0 58 0 38 55 0 18 42 0 10 0 0 0 62 0 0 0 42 21 52 4 51 48 7 0 53 0 38 0 50 37 16 0 0 0 27 4 32 40 0 53 0 0 0 57 62 12 14 7 23 38 26 0 29 0 30 50 0 0 43 22 58 54 40 40 0 0 0 27 13 31 9 56 0 16 0 0 0 0 52 42 0 0 0 0 
48 0 33 35 9 0 24 51 0 0 11 0 10 24 0 0 0 18 56 0 0 1 39 0 29 0 0 0 48 0 63 54 0 22 0 0 26 0 46 0 26 49 0 0 0 0 47 26 0 48 17 14 0 0 34 30 0 42 0 47 42 28 0 11 0 0 0 31 39 30 0 4 0 51 35 64 0 0 0 26 38 41 0 19 0 0 0 40 0 23 60 0 0 0 0 0 57 0 36 0 
0 57 16 45 58 54 0 0 57 9 0 0 27 51 10 47 52 19 6 0 1 52 0 0 0 0 38 0 2 0 0 0 0 0 52 0 7 11 50 0 0 28 48 55 33 60 0 63 0 0 0 58 34 0 47 0 50 0 0 19 0 17 45 0 56 0 0 0 0 58 38 0 9 0 0 0 0 50 59 4 10 0 9 0 0 0 36 3 24 14 0 35 22 32 0 3 0 8 45 0 
0 30 45 60 0 49 51 57 0 0 58 14 12 25 18 0 0 14 39 5 0 29 8 11 45 0 60 0 36 63 58 50 0 0 0 21 0 26 6 60 0 0 0 0 3 0 0 0 20 0 44 0 56 0 0 46 57 0 0 52 0 36 43 9 6 0 3 0 18 0 0 0 0 26 0 0 35 7 4 11 0 58 42 6 63 0 0 0 16 0 0 0 0 0 29 40 0 51 60 0 
0 22 59 0 17 54 50 34 0 0 57 14 51 7 0 0 45 0 3 49 3 0 35 0 0 0 0 39 0 0 0 2 0 0 0 0 0 0 41 64 0 0 0 0 57 39 0 0 0 0 30 21 32 0 41 0 51 0 38 0 42 32 2 38 40 0 0 0 24 30 0 0 0 0 25 0 56 0 33 34 0 0 0 0 22 23 0 51 31 0 0 57 23 42 0 0 17 9 43 39 
0 42 0 0 57 6 0 0 0 0 24 49 24 0 61 1 26 32 6 0 48 48 28 13 0 0 41 30 51 0 50 8 0 0 30 45 10 63 0 0 0 2 0 0 0 0 16 46 50 41 0 0 0 29 36 40 0 24 7 0 0 0 48 0 11 0 57 0 0 0 0 13 20 0 0 0 0 0 0 0 33 58 1 0 0 0 0 0 21 0 0 0 0 27 25 0 0 0 50 61 
0 0 18 1 36 4 0 0 0 47 7 0 0 63 0 0 0 0 0 0 0 63 0 0 0 0 0 0 46 48 12 0 11 0 0 50 0 0 55 32 0 15 50 60 0 0 57 0 61 15 29 0 48 8 0 5 9 15 0 0 0 33 47 47 0 0 60 48 62 0 0 58 39 0 0 0 0 50 34 0 0 0 35 2 0 16 37 0 16 0 45 38 0 0 0 60 0 0 0 6 
0 0 0 0 49 13 42 0 9 0 0 15 0 0 30 0 23 0 10 0 35 0 0 0 43 0 0 0 0 0 0 0 46 30 0 0 0 0 46 35 58 0 50 0 0 0 0 0 52 0 27 23 1 63 0 6 36 18 0 0 60 32 0 61 0 0 0 0 0 0 0 49 21 0 0 0 0 18 38 35 24 0 0 36 45 30 0 61 16 64 5 0 0 0 12 0 0 1 0 64 
58 22 0 0 62 59 17 0 0 0 0 0 0 0 54 0 0 56 0 16 0 14 49 24 0 5 27 7 0 58 0 14 0 33 41 0 0 21 0 0 12 0 26 45 0 0 6 13 0 9 0 18 0 64 0 0 0 0 19 28 19 0 42 0 0 0 61 29 46 0 25 26 42 0 0 0 9 50 0 15 42 0 0 0 11 58 0 60 0 0 58 16 22 0 42 0 7 0 0 17 
21 0 0 1 29 64 59 24 0 7 12 0 0 0 0 55 0 33 0 0 0 0 0 49 44 58 0 8 7 5 0 9 0 64 0 0 11 0 28 63 0 61 61 20 0 0 18 0 0 0 0 9 0 36 0 63 26 4 0 0 0 0 0 0 0 6 8 55 0 27 59 12 0 0 38 2 56 0 4 3 0 0 0 0 23 57 10 0 0 0 0 11 0 29 36 50 0 0 0 54 
0 0 49 0 0 0 15 0 0 63 0 0 0 2 50 43 36 0 0 23 0 60 20 0 0 0 0 0 0 38 0 0 0 63 0 0 0 0 0 0 0 0 46 62 0 34 0 27 0 0 46 49 0 12 5 0 0 0 0 0 48 0 0 0 0 39 61 0 0 19 0 21 15 0 0 0 24 64 44 0 1 35 52 23 0 0 53 0 0 45 8 44 0 0 0 0 48 0 0 15 
0 0 0 8 58 0 12 31 49 36 15 0 0 33 0 0 0 38 0 0 0 19 1 45 44 54 0 56 0 0 7 46 0 60 64 0 23 10 0 0 5 0 11 53 19 0 0 0 17 36 0 48 0 0 0 22 0 27 20 0 0 0 0 0 0 2 59 2 0 52 0 0 34 0 0 27 0 3 0 0 0 0 28 0 43 0 0 0 0 10 0 62 0 0 0 37 0 64 0 47 
0 19 0 0 17 45 0 55 42 0 0 51 0 13 40 0 4 0 10 36 56 0 0 0 53 0 0 41 0 0 48 0 30 35 0 64 23 32 0 52 2 0 0 0 45 0 59 0 61 0 55 0 11 0 0 40 0 22 0 25 0 55 45 0 0 0 17 57 51 0 37 1 0 0 0 33 0 30 28 0 0 61 8 53 9 50 0 0 0 0 43 0 0 41 0 15 36 47 0 36 
0 53 7 0 23 45 0 0 63 0 33 32 0 0 0 0 38 34 0 0 23 0 14 49 3 0 0 39 5 32 0 0 0 53 0 0 22 40 54 0 36 26 0 0 20 0 63 1 0 45 0 25 21 0 0 1 0 0 26 9 0 0 0 0 24 46 0 51 5 18 23 23 44 46 0 0 0 64 0 0 0 9 0 46 0 0 17 2 22 64 0 29 3 45 0 0 0 52 0 13 
33 46 0 45 0 58 28 22 0 23 50 31 43 0 52 3 0 4 0 0 0 0 0 20 0 0 0 0 0 0 0 0 21 0 54 0 0 7 1 3 4 28 0 0 42 0 63 6 0 7 0 0 37 0 0 59 0 0 0 29 45 0 36 62 25 0 59 0 0 4 23 49 0 49 29 0 0 0 0 59 0 0 0 0 32 0 14 62 43 57 0 15 0 50 49 57 0 0 0 38 
49 20 0 0 62 0 0 0 52 0 23 9 62 0 60 26 0 0 61 0 0 48 0 15 0 0 44 0 0 37 0 0 0 0 50 0 6 60 0 0 0 0 0 0 16 0 1 31 29 15 3 0 0 46 31 56 30 33 0 39 0 0 2 44 0 0 0 10 25 0 32 0 45 17 0 18 10 4 0 0 40 0 0 43 30 39 0 58 0 62 0 9 22 0 59 13 16 47 17 23 
0 0 4 50 46 0 62 57 0 0 0 0 0 64 11 57 0 0 0 0 5 0 0 21 0 21 40 10 10 0 31 0 7 7 0 63 0 48 0 0 0 0 6 0 37 0 52 52 36 6 0 0 0 31 44 63 39 9 44 0 0 18 45 0 62 28 49 22 0 0 45 47 0 62 0 0 0 0 17 0 0 0 0 0 0 36 0 51 0 50 0 0 0 59 7 0 0 57 0 44 
0 20 0 0 0 20 30 23 0 28 25 28 0 0 49 34 53 0 58 62 0 0 45 0 0 0 0 19 0 44 0 0 0 59 15 0 0 14 15 16 0 6 0 57 36 52 48 60 54 0 47 0 0 45 0 0 0 41 39 38 5 32 0 0 0 0 0 0 40 0 0 0 1 22 0 0 19 20 0 0 2 0 0 54 0 0 12 38 0 51 54 0 0 56 48 26 0 13 0 22 
0 0 35 0 0 0 9 39 0 25 0 19 0 7 0 0 0 38 0 0 0 35 13 1 0 34 0 0 0 0 0 49 45 5 0 0 21 50 0 0 0 0 0 0 40 58 0 2 0 0 0 24 0 62 60 56 0 0 0 25 0 35 60 42 0 0 24 0 7 0 42 7 0 0 0 0 0 0 43 0 0 0 0 0 34 0 40 0 0 0 0 0 40 0 37 38 45 0 0 0 
0 0 0 58 0 25 0 34 0 0 13 0 30 0 0 1 40 0 0 0 55 27 56 6 0 17 0 0 0 64 0 2 45 22 0 47 0 0 0 31 39 62 35 12 51 29 11 18 0 16 0 0 0 0 29 0 0 45 59 7 0 60 0 5 0 31 18 0 0 0 0 1 0 0 37 0 49 54 19 0 0 0 16 0 40 47 0 0 0 0 58 39 14 0 0 0 0 0 61 41 
