il numero dei nodi e':100
le condizioni iniziali sono:100
1 1 1 1 1 0 1 1 1 1 1 1 1 0 0 1 0 1 1 0 1 0 1 0 0 0 0 1 0 0 0 0 1 0 1 0 0 0 1 1 1 0 1 0 0 1 0 1 0 0 1 1 0 1 0 1 1 1 1 0 0 0 1 0 0 1 1 0 1 0 1 1 1 1 0 1 1 0 0 1 0 0 1 1 0 1 0 0 1 1 1 0 0 0 1 1 0 1 0 0 	1 1 1 1 1 0 1 1 1 1 1 1 1 0 0 1 0 1 1 0 1 0 1 0 0 0 0 1 0 0 0 0 1 0 1 0 0 0 1 1 1 0 1 0 0 1 0 1 0 0 1 1 0 1 0 1 1 1 1 0 0 0 1 0 0 1 1 0 1 0 1 1 1 1 0 1 1 0 0 1 0 0 1 1 0 1 0 0 1 1 1 0 0 0 1 1 0 1 0 0 	201	277
1 1 1 1 1 0 1 1 1 1 1 1 1 0 0 1 0 1 1 0 1 0 1 0 0 0 0 1 0 0 0 0 1 0 1 0 0 0 1 1 1 0 1 0 0 1 0 1 0 0 1 1 0 1 0 1 1 1 1 0 0 0 1 0 0 1 1 0 1 0 1 1 1 1 0 1 1 0 0 1 0 0 1 1 0 1 0 0 1 1 1 0 0 0 1 1 0 1 0 0 	1 1 1 1 1 0 1 1 1 1 1 1 1 0 0 1 0 1 1 0 1 0 1 0 0 0 0 1 0 0 0 0 1 0 1 0 0 0 1 1 1 0 1 0 0 1 0 1 0 0 1 1 0 1 0 1 1 1 1 0 0 0 1 0 0 1 1 0 1 0 1 1 1 1 0 1 1 0 0 1 0 0 1 1 0 1 0 0 1 1 1 0 0 0 1 1 0 1 0 0 	201	266
1 1 1 1 1 0 1 1 1 1 1 1 1 0 0 1 0 1 1 0 1 0 1 0 0 0 0 1 0 0 0 0 1 0 1 0 0 0 1 1 1 0 1 0 0 1 0 1 0 0 1 1 0 1 0 1 1 1 1 0 0 0 1 0 0 1 1 0 1 0 1 1 1 1 0 1 1 0 0 1 0 0 1 1 0 1 0 0 1 1 1 0 0 0 1 1 0 1 0 0 	1 1 1 1 1 0 1 1 1 1 1 1 1 0 0 1 0 1 1 0 1 0 1 0 0 0 0 1 0 0 0 0 1 0 1 0 0 0 1 1 1 0 1 0 0 1 0 1 0 0 1 1 0 1 0 1 1 1 1 0 0 0 1 0 0 1 1 0 1 0 1 1 1 1 0 1 1 0 0 1 0 0 1 1 0 1 0 0 1 1 1 0 0 0 1 1 0 1 0 0 	201	216
1 1 1 1 1 0 1 1 1 1 1 1 1 0 0 1 0 1 1 0 1 0 1 0 0 0 0 1 0 0 0 0 1 0 1 0 0 0 1 1 1 0 1 1 0 1 0 1 0 0 1 1 0 1 0 1 1 1 1 0 0 0 1 0 0 1 1 0 1 0 1 1 1 1 0 1 1 0 0 1 1 0 1 1 0 1 1 0 1 1 1 0 0 0 1 0 0 1 0 0 	1 1 1 1 1 0 1 1 1 1 1 1 1 0 0 1 0 1 1 0 1 0 1 0 0 0 0 1 0 0 0 0 1 0 1 0 0 0 1 1 1 0 1 1 0 1 0 1 0 0 1 1 0 1 0 1 1 1 1 0 0 0 1 0 0 1 1 0 1 0 1 1 1 1 0 1 1 0 0 1 1 0 1 1 0 1 1 0 1 1 1 0 0 0 1 0 0 1 0 0 	26	44
1 1 1 1 1 0 1 1 1 1 1 1 1 0 0 1 0 1 1 0 1 0 1 0 0 0 0 1 0 0 0 0 1 0 1 0 0 0 1 1 1 0 1 1 0 1 0 1 0 0 1 1 0 1 0 1 1 1 1 0 0 0 1 0 0 1 1 0 1 0 1 1 1 1 0 1 1 0 0 1 1 0 1 1 0 1 1 0 1 1 1 0 0 0 1 0 0 1 0 0 	1 1 1 1 1 0 1 1 1 1 1 1 1 0 0 1 0 1 1 0 1 0 1 0 0 0 0 1 0 0 0 0 1 0 1 0 0 0 1 1 1 0 1 1 0 1 0 1 0 0 1 1 0 1 0 1 1 1 1 0 0 0 1 0 0 1 1 0 1 0 1 1 1 1 0 1 1 0 0 1 1 0 1 1 0 1 1 0 1 1 1 0 0 0 1 0 0 1 0 0 	26	48
1 1 1 1 1 0 1 1 1 1 1 1 1 0 0 1 0 1 1 0 1 0 1 0 0 0 0 1 0 0 0 0 1 0 1 0 0 0 1 1 1 0 1 0 0 1 0 1 0 0 1 1 0 1 0 1 1 1 1 0 0 0 1 0 0 1 1 0 1 0 1 1 1 1 0 1 1 0 0 1 0 0 1 1 0 1 0 0 1 1 1 0 0 0 1 1 0 1 0 0 	1 1 1 1 1 0 1 1 1 1 1 1 1 0 0 1 0 1 1 0 1 0 1 0 0 0 0 1 0 0 0 0 1 0 1 0 0 0 1 1 1 0 1 0 0 1 0 1 0 0 1 1 0 1 0 1 1 1 1 0 0 0 1 0 0 1 1 0 1 0 1 1 1 1 0 1 1 0 0 1 0 0 1 1 0 1 0 0 1 1 1 0 0 0 1 1 0 1 0 0 	201	255
1 1 1 1 1 0 1 1 1 1 1 1 1 0 0 1 0 1 1 0 1 0 1 0 0 0 0 1 0 0 0 0 1 0 1 0 0 0 1 1 1 0 1 0 0 1 0 1 0 0 1 1 0 1 0 1 1 1 1 0 0 0 1 0 0 1 1 0 1 0 1 1 1 1 0 1 1 0 0 1 0 0 1 1 0 1 0 0 1 1 1 0 0 0 1 1 0 1 0 0 	1 1 1 1 1 0 1 1 1 1 1 1 1 0 0 1 0 1 1 0 1 0 1 0 0 0 0 1 0 0 0 0 1 0 1 0 0 0 1 1 1 0 1 0 0 1 0 1 0 0 1 1 0 1 0 1 1 1 1 0 0 0 1 0 0 1 1 0 1 0 1 1 1 1 0 1 1 0 0 1 0 0 1 1 0 1 0 0 1 1 1 0 0 0 1 1 0 1 0 0 	201	248
1 1 1 1 1 0 1 1 1 1 1 1 1 0 0 1 0 1 1 0 1 0 1 0 0 0 0 1 0 0 0 0 1 0 1 0 0 0 1 1 1 0 1 0 0 1 0 1 0 0 1 1 0 1 0 1 1 1 1 0 0 0 1 0 0 1 1 0 1 0 1 1 1 1 0 1 1 0 0 1 0 0 1 1 0 1 0 0 1 1 1 0 0 0 1 1 0 1 0 0 	1 1 1 1 1 0 1 1 1 1 1 1 1 0 0 1 0 1 1 0 1 0 1 0 0 0 0 1 0 0 0 0 1 0 1 0 0 0 1 1 1 0 1 0 0 1 0 1 0 0 1 1 0 1 0 1 1 1 1 0 0 0 1 0 0 1 1 0 1 0 1 1 1 1 0 1 1 0 0 1 0 0 1 1 0 1 0 0 1 1 1 0 0 0 1 1 0 1 0 0 	201	226
1 1 1 1 1 0 1 1 1 1 1 1 1 0 0 1 0 1 1 0 1 0 1 0 0 0 0 1 0 0 0 0 1 0 1 0 0 0 1 1 1 0 1 1 0 1 0 1 0 0 1 1 0 1 0 1 1 1 1 0 0 0 1 0 0 1 1 0 1 0 1 1 1 1 0 1 1 0 0 1 1 0 1 1 0 1 1 0 1 1 1 0 0 0 1 0 0 1 0 0 	1 1 1 1 1 0 1 1 1 1 1 1 1 0 0 1 0 1 1 0 1 0 1 0 0 0 0 1 0 0 0 0 1 0 1 0 0 0 1 1 1 0 1 1 0 1 0 1 0 0 1 1 0 1 0 1 1 1 1 0 0 0 1 0 0 1 1 0 1 0 1 1 1 1 0 1 1 0 0 1 1 0 1 1 0 1 1 0 1 1 1 0 0 0 1 0 0 1 0 0 	26	34
1 1 1 1 1 0 1 1 1 1 1 1 1 0 0 1 0 1 1 0 1 0 1 0 0 0 0 1 0 0 0 0 1 0 1 0 0 0 1 1 1 0 1 0 0 1 0 1 0 0 1 1 0 1 0 1 1 1 1 0 0 0 1 0 0 1 1 0 1 0 1 1 1 1 0 1 1 0 0 1 0 0 1 1 0 1 0 0 1 1 1 0 0 0 1 1 0 1 0 0 	1 1 1 1 1 0 1 1 1 1 1 1 1 0 0 1 0 1 1 0 1 0 1 0 0 0 0 1 0 0 0 0 1 0 1 0 0 0 1 1 1 0 1 0 0 1 0 1 0 0 1 1 0 1 0 1 1 1 1 0 0 0 1 0 0 1 1 0 1 0 1 1 1 1 0 1 1 0 0 1 0 0 1 1 0 1 0 0 1 1 1 0 0 0 1 1 0 1 0 0 	201	214
1 1 1 1 1 0 1 1 1 1 1 1 1 0 0 1 0 1 1 0 1 0 1 0 0 0 0 1 0 0 0 0 1 0 1 0 0 0 1 1 1 0 1 0 0 1 0 1 0 0 1 1 0 1 0 1 1 1 1 0 0 0 1 0 0 1 1 0 1 0 1 1 1 1 0 1 1 0 0 1 0 0 1 1 0 1 0 0 1 1 1 0 0 0 1 1 0 1 0 0 	1 1 1 1 1 0 1 1 1 1 1 1 1 0 0 1 0 1 1 0 1 0 1 0 0 0 0 1 0 0 0 0 1 0 1 0 0 0 1 1 1 0 1 0 0 1 0 1 0 0 1 1 0 1 0 1 1 1 1 0 0 0 1 0 0 1 1 0 1 0 1 1 1 1 0 1 1 0 0 1 0 0 1 1 0 1 0 0 1 1 1 0 0 0 1 1 0 1 0 0 	201	272
1 1 1 1 1 0 1 1 1 1 1 1 1 0 0 1 0 1 1 0 1 0 1 0 0 0 0 1 0 0 0 0 1 0 1 0 0 0 1 1 1 0 1 0 0 1 0 1 0 0 1 1 0 1 0 1 1 1 1 0 0 0 1 0 0 1 1 0 1 0 1 1 1 1 0 1 1 0 0 1 0 0 1 1 0 1 0 0 1 1 1 0 0 0 1 1 0 1 0 0 	1 1 1 1 1 0 1 1 1 1 1 1 1 0 0 1 0 1 1 0 1 0 1 0 0 0 0 1 0 0 0 0 1 0 1 0 0 0 1 1 1 0 1 0 0 1 0 1 0 0 1 1 0 1 0 1 1 1 1 0 0 0 1 0 0 1 1 0 1 0 1 1 1 1 0 1 1 0 0 1 0 0 1 1 0 1 0 0 1 1 1 0 0 0 1 1 0 1 0 0 	201	257
1 1 1 1 1 0 1 1 1 1 1 1 1 0 0 1 0 1 1 0 1 0 1 0 0 0 0 1 0 0 0 0 1 0 1 0 0 0 1 1 1 0 1 0 0 1 0 1 0 0 1 1 0 1 0 1 1 1 1 0 0 0 1 0 0 1 1 0 1 0 1 1 1 1 0 1 1 0 0 1 0 0 1 1 0 1 0 0 1 1 1 0 0 0 1 1 0 1 0 0 	1 1 1 1 1 0 1 1 1 1 1 1 1 0 0 1 0 1 1 0 1 0 1 0 0 0 0 1 0 0 0 0 1 0 1 0 0 0 1 1 1 0 1 0 0 1 0 1 0 0 1 1 0 1 0 1 1 1 1 0 0 0 1 0 0 1 1 0 1 0 1 1 1 1 0 1 1 0 0 1 0 0 1 1 0 1 0 0 1 1 1 0 0 0 1 1 0 1 0 0 	201	252
1 1 1 1 1 0 1 1 1 1 1 1 1 0 0 1 0 1 1 0 1 0 1 0 0 0 0 1 0 0 0 0 1 0 1 0 0 0 1 1 1 0 1 0 0 1 0 1 0 0 1 1 0 1 0 1 1 1 1 0 0 0 1 0 0 1 1 0 1 0 1 1 1 1 0 1 1 0 0 1 0 0 1 1 0 1 0 0 1 1 1 0 0 0 1 1 0 1 0 0 	1 1 1 1 1 0 1 1 1 1 1 1 1 0 0 1 0 1 1 0 1 0 1 0 0 0 0 1 0 0 0 0 1 0 1 0 0 0 1 1 1 0 1 0 0 1 0 1 0 0 1 1 0 1 0 1 1 1 1 0 0 0 1 0 0 1 1 0 1 0 1 1 1 1 0 1 1 0 0 1 0 0 1 1 0 1 0 0 1 1 1 0 0 0 1 1 0 1 0 0 	201	246
1 1 1 1 1 0 1 1 1 1 1 1 1 0 0 1 0 1 1 0 1 0 1 0 0 0 0 1 0 0 0 0 1 0 1 0 0 0 1 1 1 0 1 0 0 1 0 1 0 0 1 1 0 1 0 1 1 1 1 0 0 0 1 0 0 1 1 0 1 0 1 1 1 1 0 1 1 0 0 1 0 0 1 1 0 1 0 0 1 1 1 0 0 0 1 1 0 1 0 0 	1 1 1 1 1 0 1 1 1 1 1 1 1 0 0 1 0 1 1 0 1 0 1 0 0 0 0 1 0 0 0 0 1 0 1 0 0 0 1 1 1 0 1 0 0 1 0 1 0 0 1 1 0 1 0 1 1 1 1 0 0 0 1 0 0 1 1 0 1 0 1 1 1 1 0 1 1 0 0 1 0 0 1 1 0 1 0 0 1 1 1 0 0 0 1 1 0 1 0 0 	201	223
1 1 1 1 1 0 1 1 1 1 1 1 1 0 0 1 0 1 1 0 1 0 1 0 0 0 0 1 0 0 0 0 1 0 1 0 0 0 1 1 1 0 1 0 0 1 0 1 0 0 1 1 0 1 0 1 1 1 1 0 0 0 1 0 0 1 1 0 1 0 1 1 1 1 0 1 1 0 0 1 0 0 1 1 0 1 0 0 1 1 1 0 0 0 1 1 0 1 0 0 	1 1 1 1 1 0 1 1 1 1 1 1 1 0 0 1 0 1 1 0 1 0 1 0 0 0 0 1 0 0 0 0 1 0 1 0 0 0 1 1 1 0 1 0 0 1 0 1 0 0 1 1 0 1 0 1 1 1 1 0 0 0 1 0 0 1 1 0 1 0 1 1 1 1 0 1 1 0 0 1 0 0 1 1 0 1 0 0 1 1 1 0 0 0 1 1 0 1 0 0 	201	213
1 1 1 1 1 0 1 1 1 1 1 1 1 0 0 1 0 1 1 0 1 0 1 0 0 0 0 1 0 0 0 0 1 0 1 0 0 0 1 1 1 0 1 0 0 1 0 1 0 0 1 1 0 1 0 1 1 1 1 0 0 0 1 0 0 1 1 0 1 0 1 1 1 1 0 1 1 0 0 1 0 0 1 1 0 1 0 0 1 1 1 0 0 0 1 1 0 1 0 0 	1 1 1 1 1 0 1 1 1 1 1 1 1 0 0 1 0 1 1 0 1 0 1 0 0 0 0 1 0 0 0 0 1 0 1 0 0 0 1 1 1 0 1 0 0 1 0 1 0 0 1 1 0 1 0 1 1 1 1 0 0 0 1 0 0 1 1 0 1 0 1 1 1 1 0 1 1 0 0 1 0 0 1 1 0 1 0 0 1 1 1 0 0 0 1 1 0 1 0 0 	201	260
1 1 1 1 1 0 1 1 1 1 1 1 1 0 0 1 0 1 1 0 1 0 1 0 0 0 0 1 0 0 0 0 1 0 1 0 0 0 1 1 1 0 1 0 0 1 0 1 0 0 1 1 0 1 0 1 1 1 1 0 0 0 1 0 0 1 1 0 1 0 1 1 1 1 0 1 1 0 0 1 0 0 1 1 0 1 0 0 1 1 1 0 0 0 1 1 0 1 0 0 	1 1 1 1 1 0 1 1 1 1 1 1 1 0 0 1 0 1 1 0 1 0 1 0 0 0 0 1 0 0 0 0 1 0 1 0 0 0 1 1 1 0 1 0 0 1 0 1 0 0 1 1 0 1 0 1 1 1 1 0 0 0 1 0 0 1 1 0 1 0 1 1 1 1 0 1 1 0 0 1 0 0 1 1 0 1 0 0 1 1 1 0 0 0 1 1 0 1 0 0 	201	213
1 1 1 1 1 0 1 1 1 1 1 1 1 0 0 1 0 1 1 0 1 0 1 0 0 0 0 1 0 0 0 0 1 0 1 0 0 0 1 1 1 0 1 0 0 1 0 1 0 0 1 1 0 1 0 1 1 1 1 0 0 0 1 0 0 1 1 0 1 0 1 1 1 1 0 1 1 0 0 1 0 0 1 1 0 1 0 0 1 1 1 0 0 0 1 1 0 1 0 0 	1 1 1 1 1 0 1 1 1 1 1 1 1 0 0 1 0 1 1 0 1 0 1 0 0 0 0 1 0 0 0 0 1 0 1 0 0 0 1 1 1 0 1 0 0 1 0 1 0 0 1 1 0 1 0 1 1 1 1 0 0 0 1 0 0 1 1 0 1 0 1 1 1 1 0 1 1 0 0 1 0 0 1 1 0 1 0 0 1 1 1 0 0 0 1 1 0 1 0 0 	201	218
1 1 1 1 1 0 1 1 1 1 1 1 1 0 0 1 0 1 1 0 1 0 1 0 0 0 0 1 0 0 0 0 1 0 1 0 0 0 1 1 1 0 1 0 0 1 0 1 0 0 1 1 0 1 0 1 1 1 1 0 0 0 1 0 0 1 1 0 1 0 1 1 1 1 0 1 1 0 0 1 0 0 1 1 0 1 0 0 1 1 1 0 0 0 1 1 0 1 0 0 	1 1 1 1 1 0 1 1 1 1 1 1 1 0 0 1 0 1 1 0 1 0 1 0 0 0 0 1 0 0 0 0 1 0 1 0 0 0 1 1 1 0 1 0 0 1 0 1 0 0 1 1 0 1 0 1 1 1 1 0 0 0 1 0 0 1 1 0 1 0 1 1 1 1 0 1 1 0 0 1 0 0 1 1 0 1 0 0 1 1 1 0 0 0 1 1 0 1 0 0 	201	213
1 1 1 1 1 0 1 1 1 1 1 1 1 0 0 1 0 1 1 0 1 0 1 0 0 0 0 1 0 0 0 0 1 0 1 0 0 0 1 1 1 0 1 0 0 1 0 1 0 0 1 1 0 1 0 1 1 1 1 0 0 0 1 0 0 1 1 0 1 0 1 1 1 1 0 1 1 0 0 1 0 0 1 1 0 1 0 0 1 1 1 0 0 0 1 1 0 1 0 0 	1 1 1 1 1 0 1 1 1 1 1 1 1 0 0 1 0 1 1 0 1 0 1 0 0 0 0 1 0 0 0 0 1 0 1 0 0 0 1 1 1 0 1 0 0 1 0 1 0 0 1 1 0 1 0 1 1 1 1 0 0 0 1 0 0 1 1 0 1 0 1 1 1 1 0 1 1 0 0 1 0 0 1 1 0 1 0 0 1 1 1 0 0 0 1 1 0 1 0 0 	201	265
1 1 1 1 1 0 1 1 1 1 1 1 1 0 0 1 0 1 1 0 1 0 1 0 0 0 0 1 0 0 0 0 1 0 1 0 0 0 1 1 1 0 1 1 0 1 0 1 0 0 1 1 0 1 0 1 1 1 1 0 0 0 1 0 0 1 1 0 1 0 1 1 1 1 0 1 1 0 0 1 1 0 1 1 0 1 1 0 1 1 1 0 0 0 1 0 0 1 0 0 	1 1 1 1 1 0 1 1 1 1 1 1 1 0 0 1 0 1 1 0 1 0 1 0 0 0 0 1 0 0 0 0 1 0 1 0 0 0 1 1 1 0 1 1 0 1 0 1 0 0 1 1 0 1 0 1 1 1 1 0 0 0 1 0 0 1 1 0 1 0 1 1 1 1 0 1 1 0 0 1 1 0 1 1 0 1 1 0 1 1 1 0 0 0 1 0 0 1 0 0 	26	36
1 1 1 1 1 0 1 1 1 1 1 1 1 0 0 1 0 1 1 0 1 0 1 0 0 0 0 1 0 0 0 0 1 0 1 0 0 0 1 1 1 0 1 0 0 1 0 1 0 0 1 1 0 1 0 1 1 1 1 0 0 0 1 0 0 1 1 0 1 0 1 1 1 1 0 1 1 0 0 1 0 0 1 1 0 1 0 0 1 1 1 0 0 0 1 1 0 1 0 0 	1 1 1 1 1 0 1 1 1 1 1 1 1 0 0 1 0 1 1 0 1 0 1 0 0 0 0 1 0 0 0 0 1 0 1 0 0 0 1 1 1 0 1 0 0 1 0 1 0 0 1 1 0 1 0 1 1 1 1 0 0 0 1 0 0 1 1 0 1 0 1 1 1 1 0 1 1 0 0 1 0 0 1 1 0 1 0 0 1 1 1 0 0 0 1 1 0 1 0 0 	201	259
1 1 1 1 1 0 1 1 1 1 1 1 1 0 0 1 0 1 1 0 1 0 1 0 0 0 0 1 0 0 0 0 1 0 1 0 0 0 1 1 1 0 1 0 0 1 0 1 0 0 1 1 0 1 0 1 1 1 1 0 0 0 1 0 0 1 1 0 1 0 1 1 1 1 0 1 1 0 0 1 0 0 1 1 0 1 0 0 1 1 1 0 0 0 1 1 0 1 0 0 	1 1 1 1 1 0 1 1 1 1 1 1 1 0 0 1 0 1 1 0 1 0 1 0 0 0 0 1 0 0 0 0 1 0 1 0 0 0 1 1 1 0 1 0 0 1 0 1 0 0 1 1 0 1 0 1 1 1 1 0 0 0 1 0 0 1 1 0 1 0 1 1 1 1 0 1 1 0 0 1 0 0 1 1 0 1 0 0 1 1 1 0 0 0 1 1 0 1 0 0 	201	241
1 1 1 1 1 0 1 1 1 1 1 1 1 0 0 1 0 1 1 0 1 0 1 0 0 0 0 1 0 0 0 0 1 0 1 0 0 0 1 1 1 0 1 0 0 1 0 1 0 0 1 1 0 1 0 1 1 1 1 0 0 0 1 0 0 1 1 0 1 0 1 1 1 1 0 1 1 0 0 1 0 0 1 1 0 1 0 0 1 1 1 0 0 0 1 1 0 1 0 0 	1 1 1 1 1 0 1 1 1 1 1 1 1 0 0 1 0 1 1 0 1 0 1 0 0 0 0 1 0 0 0 0 1 0 1 0 0 0 1 1 1 0 1 0 0 1 0 1 0 0 1 1 0 1 0 1 1 1 1 0 0 0 1 0 0 1 1 0 1 0 1 1 1 1 0 1 1 0 0 1 0 0 1 1 0 1 0 0 1 1 1 0 0 0 1 1 0 1 0 0 	201	245
1 1 1 1 1 0 1 1 1 1 1 1 1 0 0 1 0 1 1 0 1 0 1 0 0 0 0 1 0 0 0 0 1 0 1 0 0 0 1 1 1 0 1 0 0 1 0 1 0 0 1 1 0 1 0 1 1 1 1 0 0 0 1 0 0 1 1 0 1 0 1 1 1 1 0 1 1 0 0 1 0 0 1 1 0 1 0 0 1 1 1 0 0 0 1 1 0 1 0 0 	1 1 1 1 1 0 1 1 1 1 1 1 1 0 0 1 0 1 1 0 1 0 1 0 0 0 0 1 0 0 0 0 1 0 1 0 0 0 1 1 1 0 1 0 0 1 0 1 0 0 1 1 0 1 0 1 1 1 1 0 0 0 1 0 0 1 1 0 1 0 1 1 1 1 0 1 1 0 0 1 0 0 1 1 0 1 0 0 1 1 1 0 0 0 1 1 0 1 0 0 	201	228
1 1 1 1 1 0 1 1 1 1 1 1 1 0 0 1 0 1 1 0 1 0 1 0 0 0 0 1 0 0 0 0 1 0 1 0 0 0 1 1 1 0 1 0 0 1 0 1 0 0 1 1 0 1 0 1 1 1 1 0 0 0 1 0 0 1 1 0 1 0 1 1 1 1 0 1 1 0 0 1 0 0 1 1 0 1 0 0 1 1 1 0 0 0 1 1 0 1 0 0 	1 1 1 1 1 0 1 1 1 1 1 1 1 0 0 1 0 1 1 0 1 0 1 0 0 0 0 1 0 0 0 0 1 0 1 0 0 0 1 1 1 0 1 0 0 1 0 1 0 0 1 1 0 1 0 1 1 1 1 0 0 0 1 0 0 1 1 0 1 0 1 1 1 1 0 1 1 0 0 1 0 0 1 1 0 1 0 0 1 1 1 0 0 0 1 1 0 1 0 0 	201	218
1 1 1 1 1 0 1 1 1 1 1 1 1 0 0 1 0 1 1 0 1 0 1 0 0 0 0 1 0 0 0 0 1 0 1 0 0 0 1 1 1 0 1 0 0 1 0 1 0 0 1 1 0 1 0 1 1 1 1 0 0 0 1 0 0 1 1 0 1 0 1 1 1 1 0 1 1 0 0 1 0 0 1 1 0 1 0 0 1 1 1 0 0 0 1 1 0 1 0 0 	1 1 1 1 1 0 1 1 1 1 1 1 1 0 0 1 0 1 1 0 1 0 1 0 0 0 0 1 0 0 0 0 1 0 1 0 0 0 1 1 1 0 1 0 0 1 0 1 0 0 1 1 0 1 0 1 1 1 1 0 0 0 1 0 0 1 1 0 1 0 1 1 1 1 0 1 1 0 0 1 0 0 1 1 0 1 0 0 1 1 1 0 0 0 1 1 0 1 0 0 	201	237
1 1 1 1 1 0 1 1 1 1 1 1 1 0 0 1 0 1 1 0 1 0 1 0 0 0 0 1 0 0 0 0 1 0 1 0 0 0 1 1 1 0 1 0 0 1 0 1 0 0 1 1 0 1 0 1 1 1 1 0 0 0 1 0 0 1 1 0 1 0 1 1 1 1 0 1 1 0 0 1 0 0 1 1 0 1 0 0 1 1 1 0 0 0 1 1 0 1 0 0 	1 1 1 1 1 0 1 1 1 1 1 1 1 0 0 1 0 1 1 0 1 0 1 0 0 0 0 1 0 0 0 0 1 0 1 0 0 0 1 1 1 0 1 0 0 1 0 1 0 0 1 1 0 1 0 1 1 1 1 0 0 0 1 0 0 1 1 0 1 0 1 1 1 1 0 1 1 0 0 1 0 0 1 1 0 1 0 0 1 1 1 0 0 0 1 1 0 1 0 0 	201	212
1 1 1 1 1 0 1 1 1 1 1 1 1 0 0 1 0 1 1 0 1 0 1 0 0 0 0 1 0 0 0 0 1 0 1 0 0 0 1 1 1 0 1 0 0 1 0 1 0 0 1 1 0 1 0 1 1 1 1 0 0 0 1 0 0 1 1 0 1 0 1 1 1 1 0 1 1 0 0 1 0 0 1 1 0 1 0 0 1 1 1 0 0 0 1 1 0 1 0 0 	1 1 1 1 1 0 1 1 1 1 1 1 1 0 0 1 0 1 1 0 1 0 1 0 0 0 0 1 0 0 0 0 1 0 1 0 0 0 1 1 1 0 1 0 0 1 0 1 0 0 1 1 0 1 0 1 1 1 1 0 0 0 1 0 0 1 1 0 1 0 1 1 1 1 0 1 1 0 0 1 0 0 1 1 0 1 0 0 1 1 1 0 0 0 1 1 0 1 0 0 	201	253
1 1 1 1 1 0 1 1 1 1 1 1 1 0 0 1 0 1 1 0 1 0 1 0 0 0 0 1 0 0 0 0 1 0 1 0 0 0 1 1 1 0 1 0 0 1 0 1 0 0 1 1 0 1 0 1 1 1 1 0 0 0 1 0 0 1 1 0 1 0 1 1 1 1 0 1 1 0 0 1 0 0 1 1 0 1 0 0 1 1 1 0 0 0 1 1 0 1 0 0 	1 1 1 1 1 0 1 1 1 1 1 1 1 0 0 1 0 1 1 0 1 0 1 0 0 0 0 1 0 0 0 0 1 0 1 0 0 0 1 1 1 0 1 0 0 1 0 1 0 0 1 1 0 1 0 1 1 1 1 0 0 0 1 0 0 1 1 0 1 0 1 1 1 1 0 1 1 0 0 1 0 0 1 1 0 1 0 0 1 1 1 0 0 0 1 1 0 1 0 0 	201	239
1 1 1 1 1 0 1 1 1 1 1 1 1 0 0 1 0 1 1 0 1 0 1 0 0 0 0 1 0 0 0 0 1 0 1 0 0 0 1 1 1 0 1 0 0 1 0 1 0 0 1 1 0 1 0 1 1 1 1 0 0 0 1 0 0 1 1 0 1 0 1 1 1 1 0 1 1 0 0 1 0 0 1 1 0 1 0 0 1 1 1 0 0 0 1 1 0 1 0 0 	1 1 1 1 1 0 1 1 1 1 1 1 1 0 0 1 0 1 1 0 1 0 1 0 0 0 0 1 0 0 0 0 1 0 1 0 0 0 1 1 1 0 1 0 0 1 0 1 0 0 1 1 0 1 0 1 1 1 1 0 0 0 1 0 0 1 1 0 1 0 1 1 1 1 0 1 1 0 0 1 0 0 1 1 0 1 0 0 1 1 1 0 0 0 1 1 0 1 0 0 	201	231
1 1 1 1 1 0 1 1 1 1 1 1 1 0 0 1 0 1 1 0 1 0 1 0 0 0 0 1 0 0 0 0 1 0 1 0 0 0 1 1 1 0 1 0 0 1 0 1 0 0 1 1 0 1 0 1 1 1 1 0 0 0 1 0 0 1 1 0 1 0 1 1 1 1 0 1 1 0 0 1 0 0 1 1 0 1 0 0 1 1 1 0 0 0 1 1 0 1 0 0 	1 1 1 1 1 0 1 1 1 1 1 1 1 0 0 1 0 1 1 0 1 0 1 0 0 0 0 1 0 0 0 0 1 0 1 0 0 0 1 1 1 0 1 0 0 1 0 1 0 0 1 1 0 1 0 1 1 1 1 0 0 0 1 0 0 1 1 0 1 0 1 1 1 1 0 1 1 0 0 1 0 0 1 1 0 1 0 0 1 1 1 0 0 0 1 1 0 1 0 0 	201	220
1 1 1 1 1 0 1 1 1 1 1 1 1 0 0 1 0 1 1 0 1 0 1 0 0 0 0 1 0 0 0 0 1 0 1 0 0 0 1 1 1 0 1 0 0 1 0 1 0 0 1 1 0 1 0 1 1 1 1 0 0 0 1 0 0 1 1 0 1 0 1 1 1 1 0 1 1 0 0 1 0 0 1 1 0 1 0 0 1 1 1 0 0 0 1 1 0 1 0 0 	1 1 1 1 1 0 1 1 1 1 1 1 1 0 0 1 0 1 1 0 1 0 1 0 0 0 0 1 0 0 0 0 1 0 1 0 0 0 1 1 1 0 1 0 0 1 0 1 0 0 1 1 0 1 0 1 1 1 1 0 0 0 1 0 0 1 1 0 1 0 1 1 1 1 0 1 1 0 0 1 0 0 1 1 0 1 0 0 1 1 1 0 0 0 1 1 0 1 0 0 	201	211
1 1 1 1 1 0 1 1 1 1 1 1 1 0 0 1 0 1 1 0 1 0 1 0 0 0 0 1 0 0 0 0 1 0 1 0 0 0 1 1 1 0 1 0 0 1 0 1 0 0 1 1 0 1 0 1 1 1 1 0 0 0 1 0 0 1 1 0 1 0 1 1 1 1 0 1 1 0 0 1 0 0 1 1 0 1 0 0 1 1 1 0 0 0 1 1 0 1 0 0 	1 1 1 1 1 0 1 1 1 1 1 1 1 0 0 1 0 1 1 0 1 0 1 0 0 0 0 1 0 0 0 0 1 0 1 0 0 0 1 1 1 0 1 0 0 1 0 1 0 0 1 1 0 1 0 1 1 1 1 0 0 0 1 0 0 1 1 0 1 0 1 1 1 1 0 1 1 0 0 1 0 0 1 1 0 1 0 0 1 1 1 0 0 0 1 1 0 1 0 0 	201	225
1 1 1 1 1 0 1 1 1 1 1 1 1 0 0 1 0 1 1 0 1 0 1 0 0 0 0 1 0 0 0 0 1 0 1 0 0 0 1 1 1 0 1 0 0 1 0 1 0 0 1 1 0 1 0 1 1 1 1 0 0 0 1 0 0 1 1 0 1 0 1 1 1 1 0 1 1 0 0 1 0 0 1 1 0 1 0 0 1 1 1 0 0 0 1 1 0 1 0 0 	1 1 1 1 1 0 1 1 1 1 1 1 1 0 0 1 0 1 1 0 1 0 1 0 0 0 0 1 0 0 0 0 1 0 1 0 0 0 1 1 1 0 1 0 0 1 0 1 0 0 1 1 0 1 0 1 1 1 1 0 0 0 1 0 0 1 1 0 1 0 1 1 1 1 0 1 1 0 0 1 0 0 1 1 0 1 0 0 1 1 1 0 0 0 1 1 0 1 0 0 	201	248
1 1 1 1 1 0 1 1 1 1 1 1 1 0 0 1 0 1 1 0 1 0 1 0 0 0 0 1 0 0 0 0 1 0 1 0 0 0 1 1 1 0 1 0 0 1 0 1 0 0 1 1 0 1 0 1 1 1 1 0 0 0 1 0 0 1 1 0 1 0 1 1 1 1 0 1 1 0 0 1 0 0 1 1 0 1 0 0 1 1 1 0 0 0 1 1 0 1 0 0 	1 1 1 1 1 0 1 1 1 1 1 1 1 0 0 1 0 1 1 0 1 0 1 0 0 0 0 1 0 0 0 0 1 0 1 0 0 0 1 1 1 0 1 0 0 1 0 1 0 0 1 1 0 1 0 1 1 1 1 0 0 0 1 0 0 1 1 0 1 0 1 1 1 1 0 1 1 0 0 1 0 0 1 1 0 1 0 0 1 1 1 0 0 0 1 1 0 1 0 0 	201	240
1 1 1 1 1 0 1 1 1 1 1 1 1 0 0 1 0 1 1 0 1 0 1 0 0 0 0 1 0 0 0 0 1 0 1 0 0 0 1 1 1 0 1 0 0 1 0 1 0 0 1 1 0 1 0 1 1 1 1 0 0 0 1 0 0 1 1 0 1 0 1 1 1 1 0 1 1 0 0 1 0 0 1 1 0 1 0 0 1 1 1 0 0 0 1 1 0 1 0 0 	1 1 1 1 1 0 1 1 1 1 1 1 1 0 0 1 0 1 1 0 1 0 1 0 0 0 0 1 0 0 0 0 1 0 1 0 0 0 1 1 1 0 1 0 0 1 0 1 0 0 1 1 0 1 0 1 1 1 1 0 0 0 1 0 0 1 1 0 1 0 1 1 1 1 0 1 1 0 0 1 0 0 1 1 0 1 0 0 1 1 1 0 0 0 1 1 0 1 0 0 	201	267
1 1 1 1 1 0 1 1 1 1 1 1 1 0 0 1 0 1 1 0 1 0 1 0 0 0 0 1 0 0 0 0 1 0 1 0 0 0 1 1 1 0 1 0 0 1 0 1 0 0 1 1 0 1 0 1 1 1 1 0 0 0 1 0 0 1 1 0 1 0 1 1 1 1 0 1 1 0 0 1 0 0 1 1 0 1 0 0 1 1 1 0 0 0 1 1 0 1 0 0 	1 1 1 1 1 0 1 1 1 1 1 1 1 0 0 1 0 1 1 0 1 0 1 0 0 0 0 1 0 0 0 0 1 0 1 0 0 0 1 1 1 0 1 0 0 1 0 1 0 0 1 1 0 1 0 1 1 1 1 0 0 0 1 0 0 1 1 0 1 0 1 1 1 1 0 1 1 0 0 1 0 0 1 1 0 1 0 0 1 1 1 0 0 0 1 1 0 1 0 0 	201	222
1 1 1 1 1 0 1 1 1 1 1 1 1 0 0 1 0 1 1 0 1 0 1 0 0 0 0 1 0 0 0 0 1 0 1 0 0 0 1 1 1 0 1 0 0 1 0 1 0 0 1 1 0 1 0 1 1 1 1 0 0 0 1 0 0 1 1 0 1 0 1 1 1 1 0 1 1 0 0 1 0 0 1 1 0 1 0 0 1 1 1 0 0 0 1 1 0 1 0 0 	1 1 1 1 1 0 1 1 1 1 1 1 1 0 0 1 0 1 1 0 1 0 1 0 0 0 0 1 0 0 0 0 1 0 1 0 0 0 1 1 1 0 1 0 0 1 0 1 0 0 1 1 0 1 0 1 1 1 1 0 0 0 1 0 0 1 1 0 1 0 1 1 1 1 0 1 1 0 0 1 0 0 1 1 0 1 0 0 1 1 1 0 0 0 1 1 0 1 0 0 	201	216
1 1 1 1 1 0 1 1 1 1 1 1 1 0 0 1 0 1 1 0 1 0 1 0 0 0 0 1 0 0 0 0 1 0 1 0 0 0 1 1 1 0 1 0 0 1 0 1 0 0 1 1 0 1 0 1 1 1 1 0 0 0 1 0 0 1 1 0 1 0 1 1 1 1 0 1 1 0 0 1 0 0 1 1 0 1 0 0 1 1 1 0 0 0 1 1 0 1 0 0 	1 1 1 1 1 0 1 1 1 1 1 1 1 0 0 1 0 1 1 0 1 0 1 0 0 0 0 1 0 0 0 0 1 0 1 0 0 0 1 1 1 0 1 0 0 1 0 1 0 0 1 1 0 1 0 1 1 1 1 0 0 0 1 0 0 1 1 0 1 0 1 1 1 1 0 1 1 0 0 1 0 0 1 1 0 1 0 0 1 1 1 0 0 0 1 1 0 1 0 0 	201	257
1 1 1 1 1 0 1 1 1 1 1 1 1 0 0 1 0 1 1 0 1 0 1 0 0 0 0 1 0 0 0 0 1 0 1 0 0 0 1 1 1 0 1 0 0 1 0 1 0 0 1 1 0 1 0 1 1 1 1 0 0 0 1 0 0 1 1 0 1 0 1 1 1 1 0 1 1 0 0 1 0 0 1 1 0 1 0 0 1 1 1 0 0 0 1 1 0 1 0 0 	1 1 1 1 1 0 1 1 1 1 1 1 1 0 0 1 0 1 1 0 1 0 1 0 0 0 0 1 0 0 0 0 1 0 1 0 0 0 1 1 1 0 1 0 0 1 0 1 0 0 1 1 0 1 0 1 1 1 1 0 0 0 1 0 0 1 1 0 1 0 1 1 1 1 0 1 1 0 0 1 0 0 1 1 0 1 0 0 1 1 1 0 0 0 1 1 0 1 0 0 	201	259
1 1 1 1 1 0 1 1 1 1 1 1 1 0 0 1 0 1 1 0 1 0 1 0 0 0 0 1 0 0 0 0 1 0 1 0 0 0 1 1 1 0 1 1 0 1 0 1 0 0 1 1 0 1 0 1 1 1 1 0 0 0 1 0 0 1 1 0 1 0 1 1 1 1 0 1 1 0 0 1 1 0 1 1 0 1 1 0 1 1 1 0 0 0 1 0 0 1 0 0 	1 1 1 1 1 0 1 1 1 1 1 1 1 0 0 1 0 1 1 0 1 0 1 0 0 0 0 1 0 0 0 0 1 0 1 0 0 0 1 1 1 0 1 1 0 1 0 1 0 0 1 1 0 1 0 1 1 1 1 0 0 0 1 0 0 1 1 0 1 0 1 1 1 1 0 1 1 0 0 1 1 0 1 1 0 1 1 0 1 1 1 0 0 0 1 0 0 1 0 0 	26	38
1 1 1 1 1 0 1 1 1 1 1 1 1 0 0 1 0 1 1 0 1 0 1 0 0 0 0 1 0 0 0 0 1 0 1 0 0 0 1 1 1 0 1 0 0 1 0 1 0 0 1 1 0 1 0 1 1 1 1 0 0 0 1 0 0 1 1 0 1 0 1 1 1 1 0 1 1 0 0 1 0 0 1 1 0 1 0 0 1 1 1 0 0 0 1 1 0 1 0 0 	1 1 1 1 1 0 1 1 1 1 1 1 1 0 0 1 0 1 1 0 1 0 1 0 0 0 0 1 0 0 0 0 1 0 1 0 0 0 1 1 1 0 1 0 0 1 0 1 0 0 1 1 0 1 0 1 1 1 1 0 0 0 1 0 0 1 1 0 1 0 1 1 1 1 0 1 1 0 0 1 0 0 1 1 0 1 0 0 1 1 1 0 0 0 1 1 0 1 0 0 	201	269
1 1 1 1 1 0 1 1 1 1 1 1 1 0 0 1 0 1 1 0 1 0 1 0 0 0 0 1 0 0 0 0 1 0 1 0 0 0 1 1 1 0 1 0 0 1 0 1 0 0 1 1 0 1 0 1 1 1 1 0 0 0 1 0 0 1 1 0 1 0 1 1 1 1 0 1 1 0 0 1 0 0 1 1 0 1 0 0 1 1 1 0 0 0 1 1 0 1 0 0 	1 1 1 1 1 0 1 1 1 1 1 1 1 0 0 1 0 1 1 0 1 0 1 0 0 0 0 1 0 0 0 0 1 0 1 0 0 0 1 1 1 0 1 0 0 1 0 1 0 0 1 1 0 1 0 1 1 1 1 0 0 0 1 0 0 1 1 0 1 0 1 1 1 1 0 1 1 0 0 1 0 0 1 1 0 1 0 0 1 1 1 0 0 0 1 1 0 1 0 0 	201	253
1 1 1 1 1 0 1 1 1 1 1 1 1 0 0 1 0 1 1 0 1 0 1 0 0 0 0 1 0 0 0 0 1 0 1 0 0 0 1 1 1 0 1 0 0 1 0 1 0 0 1 1 0 1 0 1 1 1 1 0 0 0 1 0 0 1 1 0 1 0 1 1 1 1 0 1 1 0 0 1 0 0 1 1 0 1 0 0 1 1 1 0 0 0 1 1 0 1 0 0 	1 1 1 1 1 0 1 1 1 1 1 1 1 0 0 1 0 1 1 0 1 0 1 0 0 0 0 1 0 0 0 0 1 0 1 0 0 0 1 1 1 0 1 0 0 1 0 1 0 0 1 1 0 1 0 1 1 1 1 0 0 0 1 0 0 1 1 0 1 0 1 1 1 1 0 1 1 0 0 1 0 0 1 1 0 1 0 0 1 1 1 0 0 0 1 1 0 1 0 0 	201	287
1 1 1 1 1 0 1 1 1 1 1 1 1 0 0 1 0 1 1 0 1 0 1 0 0 0 0 1 0 0 0 0 1 0 1 0 0 0 1 1 1 0 1 1 0 1 0 1 0 0 1 1 0 1 0 1 1 1 1 0 0 0 1 0 0 1 1 0 1 0 1 1 1 1 0 1 1 0 0 1 1 0 1 1 0 1 1 0 1 1 1 0 0 0 1 0 0 1 0 0 	1 1 1 1 1 0 1 1 1 1 1 1 1 0 0 1 0 1 1 0 1 0 1 0 0 0 0 1 0 0 0 0 1 0 1 0 0 0 1 1 1 0 1 1 0 1 0 1 0 0 1 1 0 1 0 1 1 1 1 0 0 0 1 0 0 1 1 0 1 0 1 1 1 1 0 1 1 0 0 1 1 0 1 1 0 1 1 0 1 1 1 0 0 0 1 0 0 1 0 0 	26	41
1 1 1 1 1 0 1 1 1 1 1 1 1 0 0 1 0 1 1 0 1 0 1 0 0 0 0 1 0 0 0 0 1 0 1 0 0 0 1 1 1 0 1 0 0 1 0 1 0 0 1 1 0 1 0 1 1 1 1 0 0 0 1 0 0 1 1 0 1 0 1 1 1 1 0 1 1 0 0 1 0 0 1 1 0 1 0 0 1 1 1 0 0 0 1 1 0 1 0 0 	1 1 1 1 1 0 1 1 1 1 1 1 1 0 0 1 0 1 1 0 1 0 1 0 0 0 0 1 0 0 0 0 1 0 1 0 0 0 1 1 1 0 1 0 0 1 0 1 0 0 1 1 0 1 0 1 1 1 1 0 0 0 1 0 0 1 1 0 1 0 1 1 1 1 0 1 1 0 0 1 0 0 1 1 0 1 0 0 1 1 1 0 0 0 1 1 0 1 0 0 	201	261
1 1 1 1 1 0 1 1 1 1 1 1 1 0 0 1 0 1 1 0 1 0 1 0 0 0 0 1 0 0 0 0 1 0 1 0 0 0 1 1 1 0 1 0 0 1 0 1 0 0 1 1 0 1 0 1 1 1 1 0 0 0 1 0 0 1 1 0 1 0 1 1 1 1 0 1 1 0 0 1 0 0 1 1 0 1 0 0 1 1 1 0 0 0 1 1 0 1 0 0 	1 1 1 1 1 0 1 1 1 1 1 1 1 0 0 1 0 1 1 0 1 0 1 0 0 0 0 1 0 0 0 0 1 0 1 0 0 0 1 1 1 0 1 0 0 1 0 1 0 0 1 1 0 1 0 1 1 1 1 0 0 0 1 0 0 1 1 0 1 0 1 1 1 1 0 1 1 0 0 1 0 0 1 1 0 1 0 0 1 1 1 0 0 0 1 1 0 1 0 0 	201	279
1 1 1 1 1 0 1 1 1 1 1 1 1 0 0 1 0 1 1 0 1 0 1 0 0 0 0 1 0 0 0 0 1 0 1 0 0 0 1 1 1 0 1 0 0 1 0 1 0 0 1 1 0 1 0 1 1 1 1 0 0 0 1 0 0 1 1 0 1 0 1 1 1 1 0 1 1 0 0 1 0 0 1 1 0 1 0 0 1 1 1 0 0 0 1 1 0 1 0 0 	1 1 1 1 1 0 1 1 1 1 1 1 1 0 0 1 0 1 1 0 1 0 1 0 0 0 0 1 0 0 0 0 1 0 1 0 0 0 1 1 1 0 1 0 0 1 0 1 0 0 1 1 0 1 0 1 1 1 1 0 0 0 1 0 0 1 1 0 1 0 1 1 1 1 0 1 1 0 0 1 0 0 1 1 0 1 0 0 1 1 1 0 0 0 1 1 0 1 0 0 	201	268
1 1 1 1 1 0 1 1 1 1 1 1 1 0 0 1 0 1 1 0 1 0 1 0 0 0 0 1 0 0 0 0 1 0 1 0 0 0 1 1 1 0 1 0 0 1 0 1 0 0 1 1 0 1 0 1 1 1 1 0 0 0 1 0 0 1 1 0 1 0 1 1 1 1 0 1 1 0 0 1 0 0 1 1 0 1 0 0 1 1 1 0 0 0 1 1 0 1 0 0 	1 1 1 1 1 0 1 1 1 1 1 1 1 0 0 1 0 1 1 0 1 0 1 0 0 0 0 1 0 0 0 0 1 0 1 0 0 0 1 1 1 0 1 0 0 1 0 1 0 0 1 1 0 1 0 1 1 1 1 0 0 0 1 0 0 1 1 0 1 0 1 1 1 1 0 1 1 0 0 1 0 0 1 1 0 1 0 0 1 1 1 0 0 0 1 1 0 1 0 0 	201	279
1 1 1 1 1 0 1 1 1 1 1 1 1 0 0 1 0 1 1 0 1 0 1 0 0 0 0 1 0 0 0 0 1 0 1 0 0 0 1 1 1 0 1 0 0 1 0 1 0 0 1 1 0 1 0 1 1 1 1 0 0 0 1 0 0 1 1 0 1 0 1 1 1 1 0 1 1 0 0 1 0 0 1 1 0 1 0 0 1 1 1 0 0 0 1 1 0 1 0 0 	1 1 1 1 1 0 1 1 1 1 1 1 1 0 0 1 0 1 1 0 1 0 1 0 0 0 0 1 0 0 0 0 1 0 1 0 0 0 1 1 1 0 1 0 0 1 0 1 0 0 1 1 0 1 0 1 1 1 1 0 0 0 1 0 0 1 1 0 1 0 1 1 1 1 0 1 1 0 0 1 0 0 1 1 0 1 0 0 1 1 1 0 0 0 1 1 0 1 0 0 	201	209
1 1 1 1 1 0 1 1 1 1 1 1 1 0 0 1 0 1 1 0 1 0 1 0 0 0 0 1 0 0 0 0 1 0 1 0 0 0 1 1 1 0 1 0 0 1 0 1 0 0 1 1 0 1 0 1 1 1 1 0 0 0 1 0 0 1 1 0 1 0 1 1 1 1 0 1 1 0 0 1 0 0 1 1 0 1 0 0 1 1 1 0 0 0 1 1 0 1 0 0 	1 1 1 1 1 0 1 1 1 1 1 1 1 0 0 1 0 1 1 0 1 0 1 0 0 0 0 1 0 0 0 0 1 0 1 0 0 0 1 1 1 0 1 0 0 1 0 1 0 0 1 1 0 1 0 1 1 1 1 0 0 0 1 0 0 1 1 0 1 0 1 1 1 1 0 1 1 0 0 1 0 0 1 1 0 1 0 0 1 1 1 0 0 0 1 1 0 1 0 0 	201	263
1 1 1 1 1 0 1 1 1 1 1 1 1 0 0 1 0 1 1 0 1 0 1 0 0 0 0 1 0 0 0 0 1 0 1 0 0 0 1 1 1 0 1 0 0 1 0 1 0 0 1 1 0 1 0 1 1 1 1 0 0 0 1 0 0 1 1 0 1 0 1 1 1 1 0 1 1 0 0 1 0 0 1 1 0 1 0 0 1 1 1 0 0 0 1 1 0 1 0 0 	1 1 1 1 1 0 1 1 1 1 1 1 1 0 0 1 0 1 1 0 1 0 1 0 0 0 0 1 0 0 0 0 1 0 1 0 0 0 1 1 1 0 1 0 0 1 0 1 0 0 1 1 0 1 0 1 1 1 1 0 0 0 1 0 0 1 1 0 1 0 1 1 1 1 0 1 1 0 0 1 0 0 1 1 0 1 0 0 1 1 1 0 0 0 1 1 0 1 0 0 	201	284
1 1 1 1 1 0 1 1 1 1 1 1 1 0 0 1 0 1 1 0 1 0 1 0 0 0 0 1 0 0 0 0 1 0 1 0 0 0 1 1 1 0 1 0 0 1 0 1 0 0 1 1 0 1 0 1 1 1 1 0 0 0 1 0 0 1 1 0 1 0 1 1 1 1 0 1 1 0 0 1 0 0 1 1 0 1 0 0 1 1 1 0 0 0 1 1 0 1 0 0 	1 1 1 1 1 0 1 1 1 1 1 1 1 0 0 1 0 1 1 0 1 0 1 0 0 0 0 1 0 0 0 0 1 0 1 0 0 0 1 1 1 0 1 0 0 1 0 1 0 0 1 1 0 1 0 1 1 1 1 0 0 0 1 0 0 1 1 0 1 0 1 1 1 1 0 1 1 0 0 1 0 0 1 1 0 1 0 0 1 1 1 0 0 0 1 1 0 1 0 0 	201	226
1 1 1 1 1 0 1 1 1 1 1 1 1 0 0 1 0 1 1 0 1 0 1 0 0 0 0 1 0 0 0 0 1 0 1 0 0 0 1 1 1 0 1 0 0 1 0 1 0 0 1 1 0 1 0 1 1 1 1 0 0 0 1 0 0 1 1 0 1 0 1 1 1 1 0 1 1 0 0 1 0 0 1 1 0 1 0 0 1 1 1 0 0 0 1 1 0 1 0 0 	1 1 1 1 1 0 1 1 1 1 1 1 1 0 0 1 0 1 1 0 1 0 1 0 0 0 0 1 0 0 0 0 1 0 1 0 0 0 1 1 1 0 1 0 0 1 0 1 0 0 1 1 0 1 0 1 1 1 1 0 0 0 1 0 0 1 1 0 1 0 1 1 1 1 0 1 1 0 0 1 0 0 1 1 0 1 0 0 1 1 1 0 0 0 1 1 0 1 0 0 	201	256
1 1 1 1 1 0 1 1 1 1 1 1 1 0 0 1 0 1 1 0 1 0 1 0 0 0 0 1 0 0 0 0 1 0 1 0 0 0 1 1 1 0 1 0 0 1 0 1 0 0 1 1 0 1 0 1 1 1 1 0 0 0 1 0 0 1 1 0 1 0 1 1 1 1 0 1 1 0 0 1 0 0 1 1 0 1 0 0 1 1 1 0 0 0 1 1 0 1 0 0 	1 1 1 1 1 0 1 1 1 1 1 1 1 0 0 1 0 1 1 0 1 0 1 0 0 0 0 1 0 0 0 0 1 0 1 0 0 0 1 1 1 0 1 0 0 1 0 1 0 0 1 1 0 1 0 1 1 1 1 0 0 0 1 0 0 1 1 0 1 0 1 1 1 1 0 1 1 0 0 1 0 0 1 1 0 1 0 0 1 1 1 0 0 0 1 1 0 1 0 0 	201	246
1 1 1 1 1 0 1 1 1 1 1 1 1 0 0 1 0 1 1 0 1 0 1 0 0 0 0 1 0 0 0 0 1 0 1 0 0 0 1 1 1 0 1 0 0 1 0 1 0 0 1 1 0 1 0 1 1 1 1 0 0 0 1 0 0 1 1 0 1 0 1 1 1 1 0 1 1 0 0 1 0 0 1 1 0 1 0 0 1 1 1 0 0 0 1 1 0 1 0 0 	1 1 1 1 1 0 1 1 1 1 1 1 1 0 0 1 0 1 1 0 1 0 1 0 0 0 0 1 0 0 0 0 1 0 1 0 0 0 1 1 1 0 1 0 0 1 0 1 0 0 1 1 0 1 0 1 1 1 1 0 0 0 1 0 0 1 1 0 1 0 1 1 1 1 0 1 1 0 0 1 0 0 1 1 0 1 0 0 1 1 1 0 0 0 1 1 0 1 0 0 	201	262
1 1 1 1 1 0 1 1 1 1 1 1 1 0 0 1 0 1 1 0 1 0 1 0 0 0 0 1 0 0 0 0 1 0 1 0 0 0 1 1 1 0 1 0 0 1 0 1 0 0 1 1 0 1 0 1 1 1 1 0 0 0 1 0 0 1 1 0 1 0 1 1 1 1 0 1 1 0 0 1 0 0 1 1 0 1 0 0 1 1 1 0 0 0 1 1 0 1 0 0 	1 1 1 1 1 0 1 1 1 1 1 1 1 0 0 1 0 1 1 0 1 0 1 0 0 0 0 1 0 0 0 0 1 0 1 0 0 0 1 1 1 0 1 0 0 1 0 1 0 0 1 1 0 1 0 1 1 1 1 0 0 0 1 0 0 1 1 0 1 0 1 1 1 1 0 1 1 0 0 1 0 0 1 1 0 1 0 0 1 1 1 0 0 0 1 1 0 1 0 0 	201	224
1 1 1 1 1 0 1 1 1 1 1 1 1 0 0 1 0 1 1 0 1 0 1 0 0 0 0 1 0 0 0 0 1 0 1 0 0 0 1 1 1 0 1 0 0 1 0 1 0 0 1 1 0 1 0 1 1 1 1 0 0 0 1 0 0 1 1 0 1 0 1 1 1 1 0 1 1 0 0 1 0 0 1 1 0 1 0 0 1 1 1 0 0 0 1 1 0 1 0 0 	1 1 1 1 1 0 1 1 1 1 1 1 1 0 0 1 0 1 1 0 1 0 1 0 0 0 0 1 0 0 0 0 1 0 1 0 0 0 1 1 1 0 1 0 0 1 0 1 0 0 1 1 0 1 0 1 1 1 1 0 0 0 1 0 0 1 1 0 1 0 1 1 1 1 0 1 1 0 0 1 0 0 1 1 0 1 0 0 1 1 1 0 0 0 1 1 0 1 0 0 	201	246
1 1 1 1 1 0 1 1 1 1 1 1 1 0 0 1 0 1 1 0 1 0 1 0 0 0 0 1 0 0 0 0 1 0 1 0 0 0 1 1 1 0 1 0 0 1 0 1 0 0 1 1 0 1 0 1 1 1 1 0 0 0 1 0 0 1 1 0 1 0 1 1 1 1 0 1 1 0 0 1 0 0 1 1 0 1 0 0 1 1 1 0 0 0 1 1 0 1 0 0 	1 1 1 1 1 0 1 1 1 1 1 1 1 0 0 1 0 1 1 0 1 0 1 0 0 0 0 1 0 0 0 0 1 0 1 0 0 0 1 1 1 0 1 0 0 1 0 1 0 0 1 1 0 1 0 1 1 1 1 0 0 0 1 0 0 1 1 0 1 0 1 1 1 1 0 1 1 0 0 1 0 0 1 1 0 1 0 0 1 1 1 0 0 0 1 1 0 1 0 0 	201	274
1 1 1 1 1 0 1 1 1 1 1 1 1 0 0 1 0 1 1 0 1 0 1 0 0 0 0 1 0 0 0 0 1 0 1 0 0 0 1 1 1 0 1 0 0 1 0 1 0 0 1 1 0 1 0 1 1 1 1 0 0 0 1 0 0 1 1 0 1 0 1 1 1 1 0 1 1 0 0 1 0 0 1 1 0 1 0 0 1 1 1 0 0 0 1 1 0 1 0 0 	1 1 1 1 1 0 1 1 1 1 1 1 1 0 0 1 0 1 1 0 1 0 1 0 0 0 0 1 0 0 0 0 1 0 1 0 0 0 1 1 1 0 1 0 0 1 0 1 0 0 1 1 0 1 0 1 1 1 1 0 0 0 1 0 0 1 1 0 1 0 1 1 1 1 0 1 1 0 0 1 0 0 1 1 0 1 0 0 1 1 1 0 0 0 1 1 0 1 0 0 	201	237
1 1 1 1 1 0 1 1 1 1 1 1 1 0 0 1 0 1 1 0 1 0 1 0 0 0 0 1 0 0 0 0 1 0 1 0 0 0 1 1 1 0 1 0 0 1 0 1 0 0 1 1 0 1 0 1 1 1 1 0 0 0 1 0 0 1 1 0 1 0 1 1 1 1 0 1 1 0 0 1 0 0 1 1 0 1 0 0 1 1 1 0 0 0 1 1 0 1 0 0 	1 1 1 1 1 0 1 1 1 1 1 1 1 0 0 1 0 1 1 0 1 0 1 0 0 0 0 1 0 0 0 0 1 0 1 0 0 0 1 1 1 0 1 0 0 1 0 1 0 0 1 1 0 1 0 1 1 1 1 0 0 0 1 0 0 1 1 0 1 0 1 1 1 1 0 1 1 0 0 1 0 0 1 1 0 1 0 0 1 1 1 0 0 0 1 1 0 1 0 0 	201	238
1 1 1 1 1 0 1 1 1 1 1 1 1 0 0 1 0 1 1 0 1 0 1 0 0 0 0 1 0 0 0 0 1 0 1 0 0 0 1 1 1 0 1 0 0 1 0 1 0 0 1 1 0 1 0 1 1 1 1 0 0 0 1 0 0 1 1 0 1 0 1 1 1 1 0 1 1 0 0 1 0 0 1 1 0 1 0 0 1 1 1 0 0 0 1 1 0 1 0 0 	1 1 1 1 1 0 1 1 1 1 1 1 1 0 0 1 0 1 1 0 1 0 1 0 0 0 0 1 0 0 0 0 1 0 1 0 0 0 1 1 1 0 1 0 0 1 0 1 0 0 1 1 0 1 0 1 1 1 1 0 0 0 1 0 0 1 1 0 1 0 1 1 1 1 0 1 1 0 0 1 0 0 1 1 0 1 0 0 1 1 1 0 0 0 1 1 0 1 0 0 	201	210
1 1 1 1 1 0 1 1 1 1 1 1 1 0 0 1 0 1 1 0 1 0 1 0 0 0 0 1 0 0 0 0 1 0 1 0 0 0 1 1 1 0 1 0 0 1 0 1 0 0 1 1 0 1 0 1 1 1 1 0 0 0 1 0 0 1 1 0 1 0 1 1 1 1 0 1 1 0 0 1 0 0 1 1 0 1 0 0 1 1 1 0 0 0 1 1 0 1 0 0 	1 1 1 1 1 0 1 1 1 1 1 1 1 0 0 1 0 1 1 0 1 0 1 0 0 0 0 1 0 0 0 0 1 0 1 0 0 0 1 1 1 0 1 0 0 1 0 1 0 0 1 1 0 1 0 1 1 1 1 0 0 0 1 0 0 1 1 0 1 0 1 1 1 1 0 1 1 0 0 1 0 0 1 1 0 1 0 0 1 1 1 0 0 0 1 1 0 1 0 0 	201	272
1 1 1 1 1 0 1 1 1 1 1 1 1 0 0 1 0 1 1 0 1 0 1 0 0 0 0 1 0 0 0 0 1 0 1 0 0 0 1 1 1 0 1 0 0 1 0 1 0 0 1 1 0 1 0 1 1 1 1 0 0 0 1 0 0 1 1 0 1 0 1 1 1 1 0 1 1 0 0 1 0 0 1 1 0 1 0 0 1 1 1 0 0 0 1 1 0 1 0 0 	1 1 1 1 1 0 1 1 1 1 1 1 1 0 0 1 0 1 1 0 1 0 1 0 0 0 0 1 0 0 0 0 1 0 1 0 0 0 1 1 1 0 1 0 0 1 0 1 0 0 1 1 0 1 0 1 1 1 1 0 0 0 1 0 0 1 1 0 1 0 1 1 1 1 0 1 1 0 0 1 0 0 1 1 0 1 0 0 1 1 1 0 0 0 1 1 0 1 0 0 	201	288
1 1 1 1 1 0 1 1 1 1 1 1 1 0 0 1 0 1 1 0 1 0 1 0 0 0 0 1 0 0 0 0 1 0 1 0 0 0 1 1 1 0 1 0 0 1 0 1 0 0 1 1 0 1 0 1 1 1 1 0 0 0 1 0 0 1 1 0 1 0 1 1 1 1 0 1 1 0 0 1 0 0 1 1 0 1 0 0 1 1 1 0 0 0 1 1 0 1 0 0 	1 1 1 1 1 0 1 1 1 1 1 1 1 0 0 1 0 1 1 0 1 0 1 0 0 0 0 1 0 0 0 0 1 0 1 0 0 0 1 1 1 0 1 0 0 1 0 1 0 0 1 1 0 1 0 1 1 1 1 0 0 0 1 0 0 1 1 0 1 0 1 1 1 1 0 1 1 0 0 1 0 0 1 1 0 1 0 0 1 1 1 0 0 0 1 1 0 1 0 0 	201	263
1 1 1 1 1 0 1 1 1 1 1 1 1 0 0 1 0 1 1 0 1 0 1 0 0 0 0 1 0 0 0 0 1 0 1 0 0 0 1 1 1 0 1 0 0 1 0 1 0 0 1 1 0 1 0 1 1 1 1 0 0 0 1 0 0 1 1 0 1 0 1 1 1 1 0 1 1 0 0 1 0 0 1 1 0 1 0 0 1 1 1 0 0 0 1 1 0 1 0 0 	1 1 1 1 1 0 1 1 1 1 1 1 1 0 0 1 0 1 1 0 1 0 1 0 0 0 0 1 0 0 0 0 1 0 1 0 0 0 1 1 1 0 1 0 0 1 0 1 0 0 1 1 0 1 0 1 1 1 1 0 0 0 1 0 0 1 1 0 1 0 1 1 1 1 0 1 1 0 0 1 0 0 1 1 0 1 0 0 1 1 1 0 0 0 1 1 0 1 0 0 	201	217
1 1 1 1 1 0 1 1 1 1 1 1 1 0 0 1 0 1 1 0 1 0 1 0 0 0 0 1 0 0 0 0 1 0 1 0 0 0 1 1 1 0 1 0 0 1 0 1 0 0 1 1 0 1 0 1 1 1 1 0 0 0 1 0 0 1 1 0 1 0 1 1 1 1 0 1 1 0 0 1 0 0 1 1 0 1 0 0 1 1 1 0 0 0 1 1 0 1 0 0 	1 1 1 1 1 0 1 1 1 1 1 1 1 0 0 1 0 1 1 0 1 0 1 0 0 0 0 1 0 0 0 0 1 0 1 0 0 0 1 1 1 0 1 0 0 1 0 1 0 0 1 1 0 1 0 1 1 1 1 0 0 0 1 0 0 1 1 0 1 0 1 1 1 1 0 1 1 0 0 1 0 0 1 1 0 1 0 0 1 1 1 0 0 0 1 1 0 1 0 0 	201	275
1 1 1 1 1 0 1 1 1 1 1 1 1 0 0 1 0 1 1 0 1 0 1 0 0 0 0 1 0 0 0 0 1 0 1 0 0 0 1 1 1 0 1 0 0 1 0 1 0 0 1 1 0 1 0 1 1 1 1 0 0 0 1 0 0 1 1 0 1 0 1 1 1 1 0 1 1 0 0 1 0 0 1 1 0 1 0 0 1 1 1 0 0 0 1 1 0 1 0 0 	1 1 1 1 1 0 1 1 1 1 1 1 1 0 0 1 0 1 1 0 1 0 1 0 0 0 0 1 0 0 0 0 1 0 1 0 0 0 1 1 1 0 1 0 0 1 0 1 0 0 1 1 0 1 0 1 1 1 1 0 0 0 1 0 0 1 1 0 1 0 1 1 1 1 0 1 1 0 0 1 0 0 1 1 0 1 0 0 1 1 1 0 0 0 1 1 0 1 0 0 	201	277
1 1 1 1 1 0 1 1 1 1 1 1 1 0 0 1 0 1 1 0 1 0 1 0 0 0 0 1 0 0 0 0 1 0 1 0 0 0 1 1 1 0 1 1 0 1 0 1 0 0 1 1 0 1 0 1 1 1 1 0 0 0 1 0 0 1 1 0 1 0 1 1 1 1 0 1 1 0 0 1 1 0 1 1 0 1 1 0 1 1 1 0 0 0 1 0 0 1 0 0 	1 1 1 1 1 0 1 1 1 1 1 1 1 0 0 1 0 1 1 0 1 0 1 0 0 0 0 1 0 0 0 0 1 0 1 0 0 0 1 1 1 0 1 1 0 1 0 1 0 0 1 1 0 1 0 1 1 1 1 0 0 0 1 0 0 1 1 0 1 0 1 1 1 1 0 1 1 0 0 1 1 0 1 1 0 1 1 0 1 1 1 0 0 0 1 0 0 1 0 0 	26	43
1 1 1 1 1 0 1 1 1 1 1 1 1 0 0 1 0 1 1 0 1 0 1 0 0 0 0 1 0 0 0 0 1 0 1 0 0 0 1 1 1 0 1 0 0 1 0 1 0 0 1 1 0 1 0 1 1 1 1 0 0 0 1 0 0 1 1 0 1 0 1 1 1 1 0 1 1 0 0 1 0 0 1 1 0 1 0 0 1 1 1 0 0 0 1 1 0 1 0 0 	1 1 1 1 1 0 1 1 1 1 1 1 1 0 0 1 0 1 1 0 1 0 1 0 0 0 0 1 0 0 0 0 1 0 1 0 0 0 1 1 1 0 1 0 0 1 0 1 0 0 1 1 0 1 0 1 1 1 1 0 0 0 1 0 0 1 1 0 1 0 1 1 1 1 0 1 1 0 0 1 0 0 1 1 0 1 0 0 1 1 1 0 0 0 1 1 0 1 0 0 	201	218
1 1 1 1 1 0 1 1 1 1 1 1 1 0 0 1 0 1 1 0 1 0 1 0 0 0 0 1 0 0 0 0 1 0 1 0 0 0 1 1 1 0 1 0 0 1 0 1 0 0 1 1 0 1 0 1 1 1 1 0 0 0 1 0 0 1 1 0 1 0 1 1 1 1 0 1 1 0 0 1 0 0 1 1 0 1 0 0 1 1 1 0 0 0 1 1 0 1 0 0 	1 1 1 1 1 0 1 1 1 1 1 1 1 0 0 1 0 1 1 0 1 0 1 0 0 0 0 1 0 0 0 0 1 0 1 0 0 0 1 1 1 0 1 0 0 1 0 1 0 0 1 1 0 1 0 1 1 1 1 0 0 0 1 0 0 1 1 0 1 0 1 1 1 1 0 1 1 0 0 1 0 0 1 1 0 1 0 0 1 1 1 0 0 0 1 1 0 1 0 0 	201	211
1 1 1 1 1 0 1 1 1 1 1 1 1 0 0 1 0 1 1 0 1 0 1 0 0 0 0 1 0 0 0 0 1 0 1 0 0 0 1 1 1 0 1 0 0 1 0 1 0 0 1 1 0 1 0 1 1 1 1 0 0 0 1 0 0 1 1 0 1 0 1 1 1 1 0 1 1 0 0 1 0 0 1 1 0 1 0 0 1 1 1 0 0 0 1 1 0 1 0 0 	1 1 1 1 1 0 1 1 1 1 1 1 1 0 0 1 0 1 1 0 1 0 1 0 0 0 0 1 0 0 0 0 1 0 1 0 0 0 1 1 1 0 1 0 0 1 0 1 0 0 1 1 0 1 0 1 1 1 1 0 0 0 1 0 0 1 1 0 1 0 1 1 1 1 0 1 1 0 0 1 0 0 1 1 0 1 0 0 1 1 1 0 0 0 1 1 0 1 0 0 	201	237
1 1 1 1 1 0 1 1 1 1 1 1 1 0 0 1 0 1 1 0 1 0 1 0 0 0 0 1 0 0 0 0 1 0 1 0 0 0 1 1 1 0 1 0 0 1 0 1 0 0 1 1 0 1 0 1 1 1 1 0 0 0 1 0 0 1 1 0 1 0 1 1 1 1 0 1 1 0 0 1 0 0 1 1 0 1 0 0 1 1 1 0 0 0 1 1 0 1 0 0 	1 1 1 1 1 0 1 1 1 1 1 1 1 0 0 1 0 1 1 0 1 0 1 0 0 0 0 1 0 0 0 0 1 0 1 0 0 0 1 1 1 0 1 0 0 1 0 1 0 0 1 1 0 1 0 1 1 1 1 0 0 0 1 0 0 1 1 0 1 0 1 1 1 1 0 1 1 0 0 1 0 0 1 1 0 1 0 0 1 1 1 0 0 0 1 1 0 1 0 0 	201	212
1 1 1 1 1 0 1 1 1 1 1 1 1 0 0 1 0 1 1 0 1 0 1 0 0 0 0 1 0 0 0 0 1 0 1 0 0 0 1 1 1 0 1 0 0 1 0 1 0 0 1 1 0 1 0 1 1 1 1 0 0 0 1 0 0 1 1 0 1 0 1 1 1 1 0 1 1 0 0 1 0 0 1 1 0 1 0 0 1 1 1 0 0 0 1 1 0 1 0 0 	1 1 1 1 1 0 1 1 1 1 1 1 1 0 0 1 0 1 1 0 1 0 1 0 0 0 0 1 0 0 0 0 1 0 1 0 0 0 1 1 1 0 1 0 0 1 0 1 0 0 1 1 0 1 0 1 1 1 1 0 0 0 1 0 0 1 1 0 1 0 1 1 1 1 0 1 1 0 0 1 0 0 1 1 0 1 0 0 1 1 1 0 0 0 1 1 0 1 0 0 	201	231
1 1 1 1 1 0 1 1 1 1 1 1 1 0 0 1 0 1 1 0 1 0 1 0 0 0 0 1 0 0 0 0 1 0 1 0 0 0 1 1 1 0 1 0 0 1 0 1 0 0 1 1 0 1 0 1 1 1 1 0 0 0 1 0 0 1 1 0 1 0 1 1 1 1 0 1 1 0 0 1 0 0 1 1 0 1 0 0 1 1 1 0 0 0 1 1 0 1 0 0 	1 1 1 1 1 0 1 1 1 1 1 1 1 0 0 1 0 1 1 0 1 0 1 0 0 0 0 1 0 0 0 0 1 0 1 0 0 0 1 1 1 0 1 0 0 1 0 1 0 0 1 1 0 1 0 1 1 1 1 0 0 0 1 0 0 1 1 0 1 0 1 1 1 1 0 1 1 0 0 1 0 0 1 1 0 1 0 0 1 1 1 0 0 0 1 1 0 1 0 0 	201	211
1 1 1 1 1 0 1 1 1 1 1 1 1 0 0 1 0 1 1 0 1 0 1 0 0 0 0 1 0 0 0 0 1 0 1 0 0 0 1 1 1 0 1 0 0 1 0 1 0 0 1 1 0 1 0 1 1 1 1 0 0 0 1 0 0 1 1 0 1 0 1 1 1 1 0 1 1 0 0 1 0 0 1 1 0 1 0 0 1 1 1 0 0 0 1 1 0 1 0 0 	1 1 1 1 1 0 1 1 1 1 1 1 1 0 0 1 0 1 1 0 1 0 1 0 0 0 0 1 0 0 0 0 1 0 1 0 0 0 1 1 1 0 1 0 0 1 0 1 0 0 1 1 0 1 0 1 1 1 1 0 0 0 1 0 0 1 1 0 1 0 1 1 1 1 0 1 1 0 0 1 0 0 1 1 0 1 0 0 1 1 1 0 0 0 1 1 0 1 0 0 	201	274
1 1 1 1 1 0 1 1 1 1 1 1 1 0 0 1 0 1 1 0 1 0 1 0 0 0 0 1 0 0 0 0 1 0 1 0 0 0 1 1 1 0 1 1 0 1 0 1 0 0 1 1 0 1 0 1 1 1 1 0 0 0 1 0 0 1 1 0 1 0 1 1 1 1 0 1 1 0 0 1 1 0 1 1 0 1 1 0 1 1 1 0 0 0 1 0 0 1 0 0 	1 1 1 1 1 0 1 1 1 1 1 1 1 0 0 1 0 1 1 0 1 0 1 0 0 0 0 1 0 0 0 0 1 0 1 0 0 0 1 1 1 0 1 1 0 1 0 1 0 0 1 1 0 1 0 1 1 1 1 0 0 0 1 0 0 1 1 0 1 0 1 1 1 1 0 1 1 0 0 1 1 0 1 1 0 1 1 0 1 1 1 0 0 0 1 0 0 1 0 0 	26	42
1 1 1 1 1 0 1 1 1 1 1 1 1 0 0 1 0 1 1 0 1 0 1 0 0 0 0 1 0 0 0 0 1 0 1 0 0 0 1 1 1 0 1 0 0 1 0 1 0 0 1 1 0 1 0 1 1 1 1 0 0 0 1 0 0 1 1 0 1 0 1 1 1 1 0 1 1 0 0 1 0 0 1 1 0 1 0 0 1 1 1 0 0 0 1 1 0 1 0 0 	1 1 1 1 1 0 1 1 1 1 1 1 1 0 0 1 0 1 1 0 1 0 1 0 0 0 0 1 0 0 0 0 1 0 1 0 0 0 1 1 1 0 1 0 0 1 0 1 0 0 1 1 0 1 0 1 1 1 1 0 0 0 1 0 0 1 1 0 1 0 1 1 1 1 0 1 1 0 0 1 0 0 1 1 0 1 0 0 1 1 1 0 0 0 1 1 0 1 0 0 	201	231
1 1 1 1 1 0 1 1 1 1 1 1 1 0 0 1 0 1 1 0 1 0 1 0 0 0 0 1 0 0 0 0 1 0 1 0 0 0 1 1 1 0 1 0 0 1 0 1 0 0 1 1 0 1 0 1 1 1 1 0 0 0 1 0 0 1 1 0 1 0 1 1 1 1 0 1 1 0 0 1 0 0 1 1 0 1 0 0 1 1 1 0 0 0 1 1 0 1 0 0 	1 1 1 1 1 0 1 1 1 1 1 1 1 0 0 1 0 1 1 0 1 0 1 0 0 0 0 1 0 0 0 0 1 0 1 0 0 0 1 1 1 0 1 0 0 1 0 1 0 0 1 1 0 1 0 1 1 1 1 0 0 0 1 0 0 1 1 0 1 0 1 1 1 1 0 1 1 0 0 1 0 0 1 1 0 1 0 0 1 1 1 0 0 0 1 1 0 1 0 0 	201	234
1 1 1 1 1 0 1 1 1 1 1 1 1 0 0 1 0 1 1 0 1 0 1 0 0 0 0 1 0 0 0 0 1 0 1 0 0 0 1 1 1 0 1 1 0 1 0 1 0 0 1 1 0 1 0 1 1 1 1 0 0 0 1 0 0 1 1 0 1 0 1 1 1 1 0 1 1 0 0 1 1 0 1 1 0 1 1 0 1 1 1 0 0 0 1 0 0 1 0 0 	1 1 1 1 1 0 1 1 1 1 1 1 1 0 0 1 0 1 1 0 1 0 1 0 0 0 0 1 0 0 0 0 1 0 1 0 0 0 1 1 1 0 1 1 0 1 0 1 0 0 1 1 0 1 0 1 1 1 1 0 0 0 1 0 0 1 1 0 1 0 1 1 1 1 0 1 1 0 0 1 1 0 1 1 0 1 1 0 1 1 1 0 0 0 1 0 0 1 0 0 	26	41
1 1 1 1 1 0 1 1 1 1 1 1 1 0 0 1 0 1 1 0 1 0 1 0 0 0 0 1 0 0 0 0 1 0 1 0 0 0 1 1 1 0 1 0 0 1 0 1 0 0 1 1 0 1 0 1 1 1 1 0 0 0 1 0 0 1 1 0 1 0 1 1 1 1 0 1 1 0 0 1 0 0 1 1 0 1 0 0 1 1 1 0 0 0 1 1 0 1 0 0 	1 1 1 1 1 0 1 1 1 1 1 1 1 0 0 1 0 1 1 0 1 0 1 0 0 0 0 1 0 0 0 0 1 0 1 0 0 0 1 1 1 0 1 0 0 1 0 1 0 0 1 1 0 1 0 1 1 1 1 0 0 0 1 0 0 1 1 0 1 0 1 1 1 1 0 1 1 0 0 1 0 0 1 1 0 1 0 0 1 1 1 0 0 0 1 1 0 1 0 0 	201	242
1 1 1 1 1 0 1 1 1 1 1 1 1 0 0 1 0 1 1 0 1 0 1 0 0 0 0 1 0 0 0 0 1 0 1 0 0 0 1 1 1 0 1 0 0 1 0 1 0 0 1 1 0 1 0 1 1 1 1 0 0 0 1 0 0 1 1 0 1 0 1 1 1 1 0 1 1 0 0 1 0 0 1 1 0 1 0 0 1 1 1 0 0 0 1 1 0 1 0 0 	1 1 1 1 1 0 1 1 1 1 1 1 1 0 0 1 0 1 1 0 1 0 1 0 0 0 0 1 0 0 0 0 1 0 1 0 0 0 1 1 1 0 1 0 0 1 0 1 0 0 1 1 0 1 0 1 1 1 1 0 0 0 1 0 0 1 1 0 1 0 1 1 1 1 0 1 1 0 0 1 0 0 1 1 0 1 0 0 1 1 1 0 0 0 1 1 0 1 0 0 	201	253
1 1 1 1 1 0 1 1 1 1 1 1 1 0 0 1 0 1 1 0 1 0 1 0 0 0 0 1 0 0 0 0 1 0 1 0 0 0 1 1 1 0 1 0 0 1 0 1 0 0 1 1 0 1 0 1 1 1 1 0 0 0 1 0 0 1 1 0 1 0 1 1 1 1 0 1 1 0 0 1 0 0 1 1 0 1 0 0 1 1 1 0 0 0 1 1 0 1 0 0 	1 1 1 1 1 0 1 1 1 1 1 1 1 0 0 1 0 1 1 0 1 0 1 0 0 0 0 1 0 0 0 0 1 0 1 0 0 0 1 1 1 0 1 0 0 1 0 1 0 0 1 1 0 1 0 1 1 1 1 0 0 0 1 0 0 1 1 0 1 0 1 1 1 1 0 1 1 0 0 1 0 0 1 1 0 1 0 0 1 1 1 0 0 0 1 1 0 1 0 0 	201	214
1 1 1 1 1 0 1 1 1 1 1 1 1 0 0 1 0 1 1 0 1 0 1 0 0 0 0 1 0 0 0 0 1 0 1 0 0 0 1 1 1 0 1 0 0 1 0 1 0 0 1 1 0 1 0 1 1 1 1 0 0 0 1 0 0 1 1 0 1 0 1 1 1 1 0 1 1 0 0 1 0 0 1 1 0 1 0 0 1 1 1 0 0 0 1 1 0 1 0 0 	1 1 1 1 1 0 1 1 1 1 1 1 1 0 0 1 0 1 1 0 1 0 1 0 0 0 0 1 0 0 0 0 1 0 1 0 0 0 1 1 1 0 1 0 0 1 0 1 0 0 1 1 0 1 0 1 1 1 1 0 0 0 1 0 0 1 1 0 1 0 1 1 1 1 0 1 1 0 0 1 0 0 1 1 0 1 0 0 1 1 1 0 0 0 1 1 0 1 0 0 	201	214
1 1 1 1 1 0 1 1 1 1 1 1 1 0 0 1 0 1 1 0 1 0 1 0 0 0 0 1 0 0 0 0 1 0 1 0 0 0 1 1 1 0 1 0 0 1 0 1 0 0 1 1 0 1 0 1 1 1 1 0 0 0 1 0 0 1 1 0 1 0 1 1 1 1 0 1 1 0 0 1 0 0 1 1 0 1 0 0 1 1 1 0 0 0 1 1 0 1 0 0 	1 1 1 1 1 0 1 1 1 1 1 1 1 0 0 1 0 1 1 0 1 0 1 0 0 0 0 1 0 0 0 0 1 0 1 0 0 0 1 1 1 0 1 0 0 1 0 1 0 0 1 1 0 1 0 1 1 1 1 0 0 0 1 0 0 1 1 0 1 0 1 1 1 1 0 1 1 0 0 1 0 0 1 1 0 1 0 0 1 1 1 0 0 0 1 1 0 1 0 0 	201	255
1 1 1 1 1 0 1 1 1 1 1 1 1 0 0 1 0 1 1 0 1 0 1 0 0 0 0 1 0 0 0 0 1 0 1 0 0 0 1 1 1 0 1 0 0 1 0 1 0 0 1 1 0 1 0 1 1 1 1 0 0 0 1 0 0 1 1 0 1 0 1 1 1 1 0 1 1 0 0 1 0 0 1 1 0 1 0 0 1 1 1 0 0 0 1 1 0 1 0 0 	1 1 1 1 1 0 1 1 1 1 1 1 1 0 0 1 0 1 1 0 1 0 1 0 0 0 0 1 0 0 0 0 1 0 1 0 0 0 1 1 1 0 1 0 0 1 0 1 0 0 1 1 0 1 0 1 1 1 1 0 0 0 1 0 0 1 1 0 1 0 1 1 1 1 0 1 1 0 0 1 0 0 1 1 0 1 0 0 1 1 1 0 0 0 1 1 0 1 0 0 	201	211
1 1 1 1 1 0 1 1 1 1 1 1 1 0 0 1 0 1 1 0 1 0 1 0 0 0 0 1 0 0 0 0 1 0 1 0 0 0 1 1 1 0 1 0 0 1 0 1 0 0 1 1 0 1 0 1 1 1 1 0 0 0 1 0 0 1 1 0 1 0 1 1 1 1 0 1 1 0 0 1 0 0 1 1 0 1 0 0 1 1 1 0 0 0 1 1 0 1 0 0 	1 1 1 1 1 0 1 1 1 1 1 1 1 0 0 1 0 1 1 0 1 0 1 0 0 0 0 1 0 0 0 0 1 0 1 0 0 0 1 1 1 0 1 0 0 1 0 1 0 0 1 1 0 1 0 1 1 1 1 0 0 0 1 0 0 1 1 0 1 0 1 1 1 1 0 1 1 0 0 1 0 0 1 1 0 1 0 0 1 1 1 0 0 0 1 1 0 1 0 0 	201	270
1 1 1 1 1 0 1 1 1 1 1 1 1 0 0 1 0 1 1 0 1 0 1 0 0 0 0 1 0 0 0 0 1 0 1 0 0 0 1 1 1 0 1 1 0 1 0 1 0 0 1 1 0 1 0 1 1 1 1 0 0 0 1 0 0 1 1 0 1 0 1 1 1 1 0 1 1 0 0 1 1 0 1 1 0 1 1 0 1 1 1 0 0 0 1 0 0 1 0 0 	1 1 1 1 1 0 1 1 1 1 1 1 1 0 0 1 0 1 1 0 1 0 1 0 0 0 0 1 0 0 0 0 1 0 1 0 0 0 1 1 1 0 1 1 0 1 0 1 0 0 1 1 0 1 0 1 1 1 1 0 0 0 1 0 0 1 1 0 1 0 1 1 1 1 0 1 1 0 0 1 1 0 1 1 0 1 1 0 1 1 1 0 0 0 1 0 0 1 0 0 	26	40
1 1 1 1 1 0 1 1 1 1 1 1 1 0 0 1 0 1 1 0 1 0 1 0 0 0 0 1 0 0 0 0 1 0 1 0 0 0 1 1 1 0 1 0 0 1 0 1 0 0 1 1 0 1 0 1 1 1 1 0 0 0 1 0 0 1 1 0 1 0 1 1 1 1 0 1 1 0 0 1 0 0 1 1 0 1 0 0 1 1 1 0 0 0 1 1 0 1 0 0 	1 1 1 1 1 0 1 1 1 1 1 1 1 0 0 1 0 1 1 0 1 0 1 0 0 0 0 1 0 0 0 0 1 0 1 0 0 0 1 1 1 0 1 0 0 1 0 1 0 0 1 1 0 1 0 1 1 1 1 0 0 0 1 0 0 1 1 0 1 0 1 1 1 1 0 1 1 0 0 1 0 0 1 1 0 1 0 0 1 1 1 0 0 0 1 1 0 1 0 0 	201	213
1 1 1 1 1 0 0 1 1 1 1 1 1 0 1 1 0 1 1 0 1 1 1 1 0 0 0 0 0 1 0 1 1 0 1 0 0 0 1 0 1 0 1 1 0 0 0 1 0 0 1 0 0 1 0 1 1 1 1 0 1 0 1 0 0 1 1 0 1 0 1 1 0 1 0 1 0 1 0 1 1 0 1 1 1 1 0 1 1 0 1 0 1 0 1 0 1 1 1 0 	1 1 1 1 1 0 0 1 1 1 1 1 1 0 1 1 0 1 1 0 1 1 1 1 0 0 0 0 0 1 0 1 1 0 1 0 0 0 1 0 1 0 1 1 0 0 0 1 0 0 1 0 0 1 0 1 1 1 1 0 1 0 1 0 0 1 1 0 1 0 1 1 0 1 0 1 0 1 0 1 1 0 1 1 1 1 0 1 1 0 1 0 1 0 1 0 1 1 1 0 	29	41
1 1 1 1 1 0 1 1 1 1 1 1 1 0 0 1 0 1 1 0 1 0 1 0 0 0 0 1 0 0 0 0 1 0 1 0 0 0 1 1 1 0 1 0 0 1 0 1 0 0 1 1 0 1 0 1 1 1 1 0 0 0 1 0 0 1 1 0 1 0 1 1 1 1 0 1 1 0 0 1 0 0 1 1 0 1 0 0 1 1 1 0 0 0 1 1 0 1 0 0 	1 1 1 1 1 0 1 1 1 1 1 1 1 0 0 1 0 1 1 0 1 0 1 0 0 0 0 1 0 0 0 0 1 0 1 0 0 0 1 1 1 0 1 0 0 1 0 1 0 0 1 1 0 1 0 1 1 1 1 0 0 0 1 0 0 1 1 0 1 0 1 1 1 1 0 1 1 0 0 1 0 0 1 1 0 1 0 0 1 1 1 0 0 0 1 1 0 1 0 0 	201	262
1 1 1 1 1 0 1 1 1 1 1 1 1 0 0 1 0 1 1 0 1 0 1 0 0 0 0 1 0 0 0 0 1 0 1 0 0 0 1 1 1 0 1 0 0 1 0 1 0 0 1 1 0 1 0 1 1 1 1 0 0 0 1 0 0 1 1 0 1 0 1 1 1 1 0 1 1 0 0 1 0 0 1 1 0 1 0 0 1 1 1 0 0 0 1 1 0 1 0 0 	1 1 1 1 1 0 1 1 1 1 1 1 1 0 0 1 0 1 1 0 1 0 1 0 0 0 0 1 0 0 0 0 1 0 1 0 0 0 1 1 1 0 1 0 0 1 0 1 0 0 1 1 0 1 0 1 1 1 1 0 0 0 1 0 0 1 1 0 1 0 1 1 1 1 0 1 1 0 0 1 0 0 1 1 0 1 0 0 1 1 1 0 0 0 1 1 0 1 0 0 	201	271
1 1 1 1 1 0 1 1 1 1 1 1 1 0 0 1 0 1 1 0 1 0 1 0 0 0 0 1 0 0 0 0 1 0 1 0 0 0 1 1 1 0 1 0 0 1 0 1 0 0 1 1 0 1 0 1 1 1 1 0 0 0 1 0 0 1 1 0 1 0 1 1 1 1 0 1 1 0 0 1 0 0 1 1 0 1 0 0 1 1 1 0 0 0 1 1 0 1 0 0 	1 1 1 1 1 0 1 1 1 1 1 1 1 0 0 1 0 1 1 0 1 0 1 0 0 0 0 1 0 0 0 0 1 0 1 0 0 0 1 1 1 0 1 0 0 1 0 1 0 0 1 1 0 1 0 1 1 1 1 0 0 0 1 0 0 1 1 0 1 0 1 1 1 1 0 1 1 0 0 1 0 0 1 1 0 1 0 0 1 1 1 0 0 0 1 1 0 1 0 0 	201	276
1 1 1 1 1 0 1 1 1 1 1 1 1 0 0 1 0 1 1 0 1 0 1 0 0 0 0 1 0 0 0 0 1 0 1 0 0 0 1 1 1 0 1 1 0 1 0 1 0 0 1 1 0 1 0 1 1 1 1 0 0 0 1 0 0 1 1 0 1 0 1 1 1 1 0 1 1 0 0 1 1 0 1 1 0 1 1 0 1 1 1 0 0 0 1 0 0 1 0 0 	1 1 1 1 1 0 1 1 1 1 1 1 1 0 0 1 0 1 1 0 1 0 1 0 0 0 0 1 0 0 0 0 1 0 1 0 0 0 1 1 1 0 1 1 0 1 0 1 0 0 1 1 0 1 0 1 1 1 1 0 0 0 1 0 0 1 1 0 1 0 1 1 1 1 0 1 1 0 0 1 1 0 1 1 0 1 1 0 1 1 1 0 0 0 1 0 0 1 0 0 	26	43
1 1 1 1 1 0 1 1 1 1 1 1 1 0 0 1 0 1 1 0 1 0 1 0 0 0 0 1 0 0 0 0 1 0 1 0 0 0 1 1 1 0 1 0 0 1 0 1 0 0 1 1 0 1 0 1 1 1 1 0 0 0 1 0 0 1 1 0 1 0 1 1 1 1 0 1 1 0 0 1 0 0 1 1 0 1 0 0 1 1 1 0 0 0 1 1 0 1 0 0 	1 1 1 1 1 0 1 1 1 1 1 1 1 0 0 1 0 1 1 0 1 0 1 0 0 0 0 1 0 0 0 0 1 0 1 0 0 0 1 1 1 0 1 0 0 1 0 1 0 0 1 1 0 1 0 1 1 1 1 0 0 0 1 0 0 1 1 0 1 0 1 1 1 1 0 1 1 0 0 1 0 0 1 1 0 1 0 0 1 1 1 0 0 0 1 1 0 1 0 0 	201	246
1 1 1 1 1 0 1 1 1 1 1 1 1 0 0 1 0 1 1 0 1 0 1 0 0 0 0 1 0 0 0 0 1 0 1 0 0 0 1 1 1 0 1 0 0 1 0 1 0 0 1 1 0 1 0 1 1 1 1 0 0 0 1 0 0 1 1 0 1 0 1 1 1 1 0 1 1 0 0 1 0 0 1 1 0 1 0 0 1 1 1 0 0 0 1 1 0 1 0 0 	1 1 1 1 1 0 1 1 1 1 1 1 1 0 0 1 0 1 1 0 1 0 1 0 0 0 0 1 0 0 0 0 1 0 1 0 0 0 1 1 1 0 1 0 0 1 0 1 0 0 1 1 0 1 0 1 1 1 1 0 0 0 1 0 0 1 1 0 1 0 1 1 1 1 0 1 1 0 0 1 0 0 1 1 0 1 0 0 1 1 1 0 0 0 1 1 0 1 0 0 	201	220
1 1 1 1 1 0 1 1 1 1 1 1 1 0 0 1 0 1 1 0 1 0 1 0 0 0 0 1 0 0 0 0 1 0 1 0 0 0 1 1 1 0 1 0 0 1 0 1 0 0 1 1 0 1 0 1 1 1 1 0 0 0 1 0 0 1 1 0 1 0 1 1 1 1 0 1 1 0 0 1 0 0 1 1 0 1 0 0 1 1 1 0 0 0 1 1 0 1 0 0 	1 1 1 1 1 0 1 1 1 1 1 1 1 0 0 1 0 1 1 0 1 0 1 0 0 0 0 1 0 0 0 0 1 0 1 0 0 0 1 1 1 0 1 0 0 1 0 1 0 0 1 1 0 1 0 1 1 1 1 0 0 0 1 0 0 1 1 0 1 0 1 1 1 1 0 1 1 0 0 1 0 0 1 1 0 1 0 0 1 1 1 0 0 0 1 1 0 1 0 0 	201	246
1 1 1 1 1 0 1 1 1 1 1 1 1 0 0 1 0 1 1 0 1 0 1 0 0 0 0 1 0 0 0 0 1 0 1 0 0 0 1 1 1 0 1 0 0 1 0 1 0 0 1 1 0 1 0 1 1 1 1 0 0 0 1 0 0 1 1 0 1 0 1 1 1 1 0 1 1 0 0 1 0 0 1 1 0 1 0 0 1 1 1 0 0 0 1 1 0 1 0 0 	1 1 1 1 1 0 1 1 1 1 1 1 1 0 0 1 0 1 1 0 1 0 1 0 0 0 0 1 0 0 0 0 1 0 1 0 0 0 1 1 1 0 1 0 0 1 0 1 0 0 1 1 0 1 0 1 1 1 1 0 0 0 1 0 0 1 1 0 1 0 1 1 1 1 0 1 1 0 0 1 0 0 1 1 0 1 0 0 1 1 1 0 0 0 1 1 0 1 0 0 	201	218
